1.570796 0.00000000000000000000e+00
1.577375 2.78972444771860285492e-47
1.583954 5.58385539592406677748e-47
1.590532 8.38773842429938632987e-47
1.597111 1.12067198045991780781e-46
1.603691 1.40461468571918092600e-46
1.610270 1.69113683079193757094e-46
1.616850 1.98077346453791169601e-46
1.623431 2.27405984787248002537e-46
1.630012 2.57153148960933445045e-46
1.636593 2.87372418237658864723e-46
1.643176 3.18117403861514634362e-46
1.649759 3.49441752667143616827e-46
1.656343 3.81399150699418675826e-46
1.662928 4.14043326844528957268e-46
1.669513 4.47428056473671977094e-46
1.676100 4.81607165100288351632e-46
1.682688 5.16634532051934187818e-46
1.689277 5.52564094158003298850e-46
1.695868 5.89449849454145069747e-46
1.702459 6.27345860904753103614e-46
1.709052 6.66306260144458100894e-46
1.715647 7.06385251239790697956e-46
1.722243 7.47637114472194926588e-46
1.728841 7.90116210143391399491e-46
1.735440 8.33876982404618905493e-46
1.742041 8.78973963110218418041e-46
1.748644 9.25461775697790623537e-46
1.755249 9.73395139094992155600e-46
1.761856 1.02282887165504015455e-45
1.768464 1.07381789512180679784e-45
1.775075 1.12641723862567995123e-45
1.781688 1.18068204271175207327e-45
1.788304 1.23666756340125775689e-45
1.794922 1.29442917628788831573e-45
1.801542 1.35402238067020717106e-45
1.808164 1.41550280372124635493e-45
1.814790 1.47892620469713360943e-45
1.821417 1.54434847918568804625e-45
1.828048 1.61182566339680662095e-45
1.834682 1.68141393849544527976e-45
1.841318 1.75316963497952856555e-45
1.847957 1.82714923710340951740e-45
1.854599 1.90340938734901311373e-45
1.861245 1.98200689094553977041e-45
1.867894 2.06299872044029962175e-45
1.874546 2.14644202032100398124e-45
1.881201 2.23239411169201034480e-45
1.887860 2.32091249700603872995e-45
1.894522 2.41205486485243935511e-45
1.901188 2.50587909480462190287e-45
1.907858 2.60244326232739561825e-45
1.914531 2.70180564374702557721e-45
1.921209 2.80402472128436823841e-45
1.927890 2.90915918815462748498e-45
1.934576 3.01726795373407684489e-45
1.941266 3.12841014879655944816e-45
1.947960 3.24264513082086532770e-45
1.954658 3.36003248937204529819e-45
1.961361 3.48063205155745578073e-45
1.968068 3.60450388756044943384e-45
1.974780 3.73170831625278568296e-45
1.981497 3.86230591088931386823e-45
1.988218 3.99635750488529554575e-45
1.994945 4.13392419767962493579e-45
2.001676 4.27506736068617722408e-45
2.008413 4.41984864333477263919e-45
2.015155 4.56832997920436561643e-45
2.021902 4.72057359225117477188e-45
2.028654 4.87664200313347808442e-45
2.035413 5.03659803563505904958e-45
2.042176 5.20050482319132636260e-45
2.048946 5.36842581551848922360e-45
2.055722 5.54042478534958928275e-45
2.062503 5.71656583527933391760e-45
2.069291 5.89691340472016653087e-45
2.076085 6.08153227697341782511e-45
2.082885 6.27048758641462762718e-45
2.089691 6.46384482580058391318e-45
2.096505 6.66166985369699187296e-45
2.103324 6.86402890202943335340e-45
2.110151 7.07098858376356837211e-45
2.116985 7.28261590071313745137e-45
2.123826 7.49897825148147874478e-45
2.130673 7.72014343953758799886e-45
2.137529 7.94617968143064184919e-45
2.144391 8.17715561514425767997e-45
2.151262 8.41314030859453625164e-45
2.158140 8.65420326827434394288e-45
2.165025 8.90041444804523976387e-45
2.171919 9.15184425808298887588e-45
2.178821 9.40856357397426800079e-45
2.185732 9.67064374597331352469e-45
2.192650 9.93815660841433291849e-45
2.199578 1.02111744892905921552e-44
2.206514 1.04897702199931496054e-44
2.213458 1.07740171452203556958e-44
2.220412 1.10639891330549371235e-44
2.227375 1.13597605852141294353e-44
2.234348 1.16614064474716619074e-44
2.241330 1.19690022202592527687e-44
2.248322 1.22826239694437602311e-44
2.255323 1.26023483372867201417e-44
2.262335 1.29282525535829484095e-44
2.269356 1.32604144469859235025e-44
2.276388 1.35989124565174548296e-44
2.283431 1.39438256432614727208e-44
2.290484 1.42952337022477921274e-44
2.297549 1.46532169745245755711e-44
2.304624 1.50178564594154429127e-44
2.311711 1.53892338269691087672e-44
2.318809 1.57674314305983190657e-44
2.325919 1.61525323199021375610e-44
2.333040 1.65446202536824526396e-44
2.340174 1.69437797131404686710e-44
2.347320 1.73500959152620808063e-44
2.354479 1.77636548263819399262e-44
2.361650 1.81845431759299042100e-44
2.368835 1.86128484703498707173e-44
2.376032 1.90486590071957239411e-44
2.383243 1.94920638893865188759e-44
2.390468 1.99431530396292324629e-44
2.397706 2.04020172149937598589e-44
2.404958 2.08687480216361180380e-44
2.412225 2.13434379296601712229e-44
2.419507 2.18261802881082673236e-44
2.426803 2.23170693400727800943e-44
2.434115 2.28162002379107293159e-44
2.441442 2.33236690585584297262e-44
2.448784 2.38395728189167388129e-44
2.456143 2.43640094913047378624e-44
2.463518 2.48970780189551072099e-44
2.470909 2.54388783315343910617e-44
2.478317 2.59895113606610967084e-44
2.485742 2.65490790554092617525e-44
2.493185 2.71176843977529674105e-44
2.500645 2.76954314179386897295e-44
2.508124 2.82824252097453826303e-44
2.515621 2.88787719455948053318e-44
2.523136 2.94845788914808894702e-44
2.530671 3.00999544216715529516e-44
2.538225 3.07250080331370546004e-44
2.545798 3.13598503596560165293e-44
2.553392 3.20045931855452876391e-44
2.561006 3.26593494589513832461e-44
2.568641 3.33242333046478969504e-44
2.576298 3.39993600362521608057e-44
2.583975 3.46848461678092886908e-44
2.591675 3.53808094246352029352e-44
2.599398 3.60873687533490459966e-44
2.607143 3.68046443309934574077e-44
2.614911 3.75327575731255888882e-44
2.622703 3.82718311407843872712e-44
2.630520 3.90219889461980653254e-44
2.638360 3.97833561570994292963e-44
2.646226 4.05560591995143025272e-44
2.654118 4.13402257588461621733e-44
2.662035 4.21359847791202668743e-44
2.669979 4.29434664601669358379e-44
2.677950 4.37628022525759031604e-44
2.685949 4.45941248501970716411e-44
2.693976 4.54375681799524161973e-44
2.702031 4.62932673887127199804e-44
2.710115 4.71613588269824612370e-44
2.718230 4.80419800290712554408e-44
2.726374 4.89352696894716128952e-44
2.734550 4.98413676350774071678e-44
2.742757 5.07604147928896518092e-44
2.750996 5.16925531528085742523e-44
2.759269 5.26379257250788948976e-44
2.767574 5.35966764919380637846e-44
2.775914 5.45689503529612698074e-44
2.784289 5.55548930635546313183e-44
2.792699 5.65546511660396530579e-44
2.801146 5.75683719126730336442e-44
2.809629 5.85962031799494226130e-44
2.818150 5.96382933734335945352e-44
2.826710 6.06947913223478473271e-44
2.835310 6.17658461630613746818e-44
2.843949 6.28516072105516153492e-44
2.852630 6.39522238168554878847e-44
2.861352 6.50678452154458774135e-44
2.870117 6.61986203503548348843e-44
2.878926 6.73446976888219756339e-44
2.887779 6.85062250161172846728e-44
2.896678 6.96833492110795643016e-44
2.905624 7.08762160008045545336e-44
2.914617 7.20849696928175171368e-44
2.923658 7.33097528828746797042e-44
2.932750 7.45507061364671531019e-44
2.941891 7.58079676418764789491e-44
2.951085 7.70816728325130550670e-44
2.960332 7.83719539760871739278e-44
2.969633 7.96789397279338701405e-44
2.978989 8.10027546456418143366e-44
2.988401 8.23435186619058011503e-44
2.997872 8.37013465122769830967e-44
3.007401 8.50763471142168150814e-44
3.016991 8.64686228936195498593e-44
3.026643 8.78782690546311459930e-44
3.036358 8.93053727882976282900e-44
3.046138 9.07500124152254106936e-44
3.055984 9.22122564570796771128e-44
3.065897 9.36921626313415235715e-44
3.075880 9.51897767633231125912e-44
3.085933 9.67051316090149741444e-44
3.096059 9.82382455818428813725e-44
3.106259 9.97891213758865167292e-44
3.116536 1.01357744477599666456e-43
3.126889 1.02944081557481799188e-43
3.137323 1.04548078732510421716e-43
0.006245 1.04642866931088040791e-43
0.016843 1.03011785537688071115e-43
0.027526 1.01373352241824984492e-43
0.038297 9.97279089817605148277e-44
0.049157 9.80758055675024992389e-44
0.060109 9.64174001403171851040e-44
0.071155 9.47530596530700190281e-44
0.082296 9.30831603717018069721e-44
0.093537 9.14080883980827340466e-44
0.104878 8.97282402143796368686e-44
0.116322 8.80440232489912711027e-44
0.127872 8.63558564639795564761e-44
0.139530 8.46641709637856249756e-44
0.151299 8.29694106248363421538e-44
0.163182 8.12720327455358134799e-44
0.175182 7.95725087158245897140e-44
0.187300 7.78713247053253561266e-44
0.199541 7.61689823688199582314e-44
0.211908 7.44659995674326211008e-44
0.224402 7.27629111036349237146e-44
0.237028 7.10602694677442444262e-44
0.249789 6.93586455931664489652e-44
0.262687 6.76586296171850673246e-44
0.275727 6.59608316435063964654e-44
0.288911 6.42658825022550087705e-44
0.302244 6.25744345023827178532e-44
0.315728 6.08871621708199828346e-44
0.329367 5.92047629718610446468e-44
0.343166 5.75279579994362510135e-44
0.357128 5.58574926340344385994e-44
0.371256 5.41941371549831957837e-44
0.385555 5.25386872977877365508e-44
0.400028 5.08919647450208653021e-44
0.414680 4.92548175380940630926e-44
0.429514 4.76281203959032013403e-44
0.444536 4.60127749250302787303e-44
0.459748 4.44097097047571779605e-44
0.475155 4.28198802286959480442e-44
0.490761 4.12442686833914397568e-44
0.506571 3.96838835427239832444e-44
0.522588 3.81397589555096533137e-44
0.538818 3.66129539022528344475e-44
0.555263 3.51045510956391836093e-44
0.571929 3.36156555981617173625e-44
0.588820 3.21473931291877447115e-44
0.605939 3.07009080329322885638e-44
0.623291 2.92773608782528072619e-44
0.640879 2.78779256609851476959e-44
0.658708 2.65037865797509396764e-44
0.676781 2.51561343569290651702e-44
0.695101 2.38361620778357288152e-44
0.713673 2.25450605232003136040e-44
0.732500 2.12840129729032214110e-44
0.751583 2.00541894626908366016e-44
0.770927 1.88567404803368359279e-44
0.790533 1.76927900935837395723e-44
0.810404 1.65634285091913705955e-44
0.830541 1.54697040706904547467e-44
0.850946 1.44126147119252377004e-44
0.871621 1.33930988942971553837e-44
0.892564 1.24120260676377402069e-44
0.913777 1.14701867078830608506e-44
0.935259 1.05682819989878326218e-44
0.957010 9.70691324166716527428e-45
0.979026 8.88657108730034927562e-45
1.001308 8.10762471139769968755e-45
1.023851 7.37031105696698727765e-45
1.046651 6.67472429351246183830e-45
1.069706 6.02080565169399143635e-45
1.093009 5.40833380628140516990e-45
1.116556 4.83691599035925855203e-45
1.140339 4.30598003108000973140e-45
1.164351 3.81476750102618288237e-45
1.188584 3.36232817876840041913e-45
1.213030 2.94751600698773363361e-45
1.237678 2.56898672608508322798e-45
1.262518 2.22519734524189224213e-45
1.287539 1.91440759128425709886e-45
1.312728 1.63468344849732948587e-45
1.338074 1.38390287004130749447e-45
1.363562 1.15976370437448394783e-45
1.389178 9.59793838869335543099e-46
1.414908 7.81363518635008865974e-46
1.440737 6.21699752658775691886e-46
1.466648 4.77902673138604670437e-46
1.492626 3.46963668804239907779e-46
1.518655 2.25785070665311918108e-46
1.544717 1.11201130506776453118e-46
1.570796 2.17683655700787101965e-57
