0.727571 nan
0.818405 2.03251286149890632246e-45
0.909239 4.71734279267213645625e-44
1.000073 1.78877842174315481180e-43
1.090907 4.31559873426023355427e-43
1.181741 8.37269426726648714821e-43
1.272575 1.42547262664674131746e-42
1.363409 2.22307900913851384483e-42
1.454243 3.25458336200771982862e-42
1.545077 4.54225533432659543119e-42
1.635910 6.10634245292540424885e-42
1.726744 7.96526911655056036046e-42
1.817578 1.01358231764844359579e-41
1.908412 1.26333265830545955979e-41
1.999246 1.54717891858559193385e-41
2.090080 1.86640461343402911064e-41
2.180914 2.22218799887158398066e-41
2.271748 2.61561289277767374097e-41
2.362582 3.04767825056514580230e-41
2.453416 3.51930663629457071747e-41
2.544250 4.03135171964872648950e-41
2.635084 4.58460491680297736466e-41
2.725918 5.17980128034319330407e-41
2.816751 5.81762473101824908137e-41
2.907585 6.49871271261271166961e-41
2.998419 7.22366034095309699512e-41
3.089253 7.99302410885506849798e-41
3.180087 8.80732520080863044416e-41
3.270921 9.66705246416440882635e-41
3.361755 1.05726650775122608065e-40
