0.987354 0.00000000000000000000e+00
0.988791 1.22866929201665555285e-42
0.990229 1.73234616462950684705e-42
0.991666 2.11523939983143982183e-42
0.993104 2.43502050122303050623e-42
0.994541 2.71409989067033717292e-42
0.995978 2.96400605833034947192e-42
0.997416 3.19160781721109489894e-42
0.998853 3.40139366048396513702e-42
1.000291 3.59649029975224615087e-42
1.001728 3.77918076860247151845e-42
1.003165 3.95119344023960725283e-42
1.004603 4.11387484575545241379e-42
1.006040 4.26829878069071808141e-42
1.007477 4.41533826906726239726e-42
1.008915 4.55571477107421913284e-42
1.010352 4.69003286301252571783e-42
1.011790 4.81880531565769384169e-42
1.013227 4.94247163608012500892e-42
1.014664 5.06141204408831097664e-42
1.016102 5.17595818786838198893e-42
1.017539 5.28640148419797918667e-42
1.018977 5.39299969761404524338e-42
1.020414 5.49598219338011819040e-42
1.021851 5.59555417753134103641e-42
1.023289 5.69190015333476249625e-42
1.024726 5.78518676449605823745e-42
1.026164 5.87556515330955170166e-42
1.027601 5.96317293139594140034e-42
1.029038 6.04813583824086646164e-42
1.030476 6.13056914605564073112e-42
1.031913 6.21057885693027096107e-42
1.033351 6.28826272870568120000e-42
1.034788 6.36371115866392171965e-42
1.036225 6.43700794846239031837e-42
1.037663 6.50823096930207843406e-42
1.039100 6.57745274282591208462e-42
1.040537 6.64474095047620484261e-42
1.041975 6.71015888182133065876e-42
1.043412 6.77376583058460228295e-42
1.044850 6.83561744566455751809e-42
1.046287 6.89576604326638588711e-42
1.047724 6.95426088529523332458e-42
1.049162 7.01114842838529647797e-42
1.050599 7.06647254727062584366e-42
1.052037 7.12027473567002156075e-42
1.053474 7.17259428740340843978e-42
1.054911 7.22346846007106298689e-42
1.056349 7.27293262331566159615e-42
1.057786 7.32102039341257072078e-42
1.059224 7.36776375570095861815e-42
1.060661 7.41319317618143985684e-42
1.062098 7.45733770343239322385e-42
1.063536 7.50022506185491085467e-42
1.064973 7.54188173713992981972e-42
1.066410 7.58233305473319967830e-42
1.067848 7.62160325199637896786e-42
1.069285 7.65971554467068699539e-42
1.070723 7.69669218818958096521e-42
1.072160 7.73255453431895188270e-42
1.073597 7.76732308355931618131e-42
1.075035 7.80101753368911943903e-42
1.076472 7.83365682479587653128e-42
1.077910 7.86525918110208222905e-42
1.079347 7.89584214985906799651e-42
1.080784 7.92542263756367420430e-42
1.082222 7.95401694371329838780e-42
1.083659 7.98164079231010600177e-42
1.085097 8.00830936128905624932e-42
1.086534 8.03403731004250551887e-42
1.087971 8.05883880518365408573e-42
1.089409 8.08272754469297903440e-42
1.090846 8.10571678056499800283e-42
1.092284 8.12781934007207366208e-42
1.093721 8.14904764574679751177e-42
1.095158 8.16941373417560594263e-42
1.096596 8.18892927369315013555e-42
1.098033 8.20760558105191787284e-42
1.099470 8.22545363714159769066e-42
1.100908 8.24248410182383987625e-42
1.102345 8.25870732794226613600e-42
1.103783 8.27413337456596372763e-42
1.105220 8.28877201951382221850e-42
1.106657 8.30263277121226706041e-42
1.108095 8.31572487992455536513e-42
1.109532 8.32805734839756718126e-42
1.110970 8.33963894195876722457e-42
1.112407 8.35047819810078109431e-42
1.113844 8.36058343558415677184e-42
1.115282 8.36996276308927728499e-42
1.116719 8.37862408744272921012e-42
1.118157 8.38657512144631709176e-42
1.119594 8.39382339133045610253e-42
1.121031 8.40037624385629940687e-42
1.122469 8.40624085308269555487e-42
1.123906 8.41142422682344625963e-42
1.125344 8.41593321280707911242e-42
1.126781 8.41977450456009140391e-42
1.128218 8.42295464702520286033e-42
1.129656 8.42548004193279256158e-42
1.131093 8.42735695293758930551e-42
1.132530 8.42859151053228832154e-42
1.133968 8.42918971675198609503e-42
1.135405 8.42915744968023701449e-42
1.136843 8.42850046776528483350e-42
1.138280 8.42722441395879055744e-42
1.139717 8.42533481968517260241e-42
1.141155 8.42283710864969673989e-42
1.142592 8.41973660049533191452e-42
1.144030 8.41603851431308748715e-42
1.145467 8.41174797201592828238e-42
1.146904 8.40687000158207011859e-42
1.148342 8.40140954017331703191e-42
1.149779 8.39537143713505343721e-42
1.151217 8.38876045688352822258e-42
1.152654 8.38158128168696755205e-42
1.154091 8.37383851434333423736e-42
1.155529 8.36553668076042037996e-42
1.156966 8.35668023244475015739e-42
1.158403 8.34727354890005106603e-42
1.159841 8.33732093994341583992e-42
1.161278 8.32682664793741284033e-42
1.162716 8.31579484994965086312e-42
1.164153 8.30422965983426842325e-42
1.165590 8.29213513024642778934e-42
1.167028 8.27951525458831753619e-42
1.168465 8.26637396889087320162e-42
1.169903 8.25271515363315707049e-42
1.171340 8.23854263550497035887e-42
1.172777 8.22386018911213193208e-42
1.174215 8.20867153862673672587e-42
1.175652 8.19298035938677423659e-42
1.177090 8.17679027944670399531e-42
1.178527 8.16010488107999358586e-42
1.179964 8.14292770223512563418e-42
1.181402 8.12526223795008627361e-42
1.182839 8.10711194172345396308e-42
1.184277 8.08848022684493583210e-42
1.185714 8.06937046768891625490e-42
1.187151 8.04978600096970876965e-42
1.188589 8.02973012696086019723e-42
1.190026 8.00920611068190470604e-42
1.191463 7.98821718304992838832e-42
1.192901 7.96676654200138507525e-42
1.194338 7.94485735358211531200e-42
1.195776 7.92249275300899045422e-42
1.197213 7.89967584570246308266e-42
1.198650 7.87640970829298561268e-42
1.200088 7.85269738959976900473e-42
1.201525 7.82854191158528696905e-42
1.202963 7.80394627028542498129e-42
1.204400 7.77891343671578899629e-42
1.205837 7.75344635775452943810e-42
1.207275 7.72754795700529359883e-42
1.208712 7.70122113563681821206e-42
1.210150 7.67446877320291680006e-42
1.211587 7.64729372844281209022e-42
1.213024 7.61969884006235387745e-42
1.214462 7.59168692749516265409e-42
1.215899 7.56326079164839671664e-42
1.217337 7.53442321562797093584e-42
1.218774 7.50517696544930005635e-42
1.220211 7.47552479072980555474e-42
1.221649 7.44546942536623204745e-42
1.223086 7.41501358819596778160e-42
1.224523 7.38415998364317340115e-42
1.225961 7.35291130234941184065e-42
1.227398 7.32127022179107339868e-42
1.228836 7.28923940688068127007e-42
1.230273 7.25682151055574164838e-42
1.231710 7.22401917435355805137e-42
1.233148 7.19083502897073284704e-42
1.234585 7.15727169481284896111e-42
1.236023 7.12333178252754519443e-42
1.237460 7.08901789352614167023e-42
1.238897 7.05433262049297170965e-42
1.240335 7.01927854788099909767e-42
1.241772 6.98385825239434268249e-42
1.243210 6.94807430345917522733e-42
1.244647 6.91192926368203811066e-42
1.246084 6.87542568929365124314e-42
1.247522 6.83856613058243543429e-42
1.248959 6.80135313231262892311e-42
1.250397 6.76378923413217880760e-42
1.251834 6.72587697096480223853e-42
1.253271 6.68761887339005354289e-42
1.254709 6.64901746801055484991e-42
1.256146 6.61007527780310590148e-42
1.257583 6.57079482245765959998e-42
1.259021 6.53117861870087132863e-42
1.260458 6.49122918060431253186e-42
1.261896 6.45094901987811069077e-42
1.263333 6.41034064614762223262e-42
1.264770 6.36940656721385207936e-42
1.266208 6.32814928929705269452e-42
1.267645 6.28657131726164954392e-42
1.269083 6.24467515482287658689e-42
1.270520 6.20246330473295646716e-42
1.271957 6.15993826894811771997e-42
1.273395 6.11710254877270586630e-42
1.274832 6.07395864498047505863e-42
1.276270 6.03050905791335213259e-42
1.277707 5.98675628755211890888e-42
1.279144 5.94270283356348614749e-42
1.280582 5.89835119531587407901e-42
1.282019 5.85370387186658610298e-42
1.283456 5.80876336191628841687e-42
1.284894 5.76353216372910944712e-42
1.286331 5.71801277501715343037e-42
1.287769 5.67220769278498660445e-42
1.289206 5.62611941313328799312e-42
1.290643 5.57975043101790381311e-42
1.292081 5.53310323996158513955e-42
1.293518 5.48618033171370666000e-42
1.294956 5.43898419585728212459e-42
1.296393 5.39151731935453487830e-42
1.297830 5.34378218603187227497e-42
1.299268 5.29578127599504889195e-42
1.300705 5.24751706497212253532e-42
1.302143 5.19899202357678942305e-42
1.303580 5.15020861648736005364e-42
1.305017 5.10116930153264689090e-42
1.306455 5.05187652867919760187e-42
1.307892 5.00233273891058293570e-42
1.309330 4.95254036299056540773e-42
1.310767 4.90250182009899395895e-42
1.312204 4.85221951633110245442e-42
1.313642 4.80169584304820010755e-42
1.315079 4.75093317506640180828e-42
1.316516 4.69993386866831050042e-42
1.317954 4.64870025942424860712e-42
1.319391 4.59723465980328990003e-42
1.320829 4.54553935655669779734e-42
1.322266 4.49361660785139161006e-42
1.323703 4.44146864013077231314e-42
1.325141 4.38909764467767390267e-42
1.326578 4.33650577384833872459e-42
1.328016 4.28369513694876342360e-42
1.329453 4.23066779571487925633e-42
1.330890 4.17742575935917945044e-42
1.332328 4.12397097913823245558e-42
1.333765 4.07030534239321759553e-42
1.335203 4.01643066600625479940e-42
1.336640 3.96234868921267021368e-42
1.338077 3.90806106569798266333e-42
1.339515 3.85356935490312343302e-42
1.340952 3.79887501244715896077e-42
1.342390 3.74397937957057743843e-42
1.343827 3.68888367148416523859e-42
1.345264 3.63358896449646104768e-42
1.346702 3.57809618177324810163e-42
1.348139 3.52240607756541535923e-42
1.349576 3.46651921971228202505e-42
1.351014 3.41043597020576981520e-42
1.352451 3.35415646356562551661e-42
1.353889 3.29768058273815158317e-42
1.355326 3.24100793218772334860e-42
1.356763 3.18413780779597435668e-42
1.358201 3.12706916312537644532e-42
1.359638 3.06980057152450774644e-42
1.361076 3.01233018346949093437e-42
1.362513 2.95465567842726249607e-42
1.363950 2.89677421040085040706e-42
1.365388 2.83868234616268046548e-42
1.366825 2.78037599499528966715e-42
1.368263 2.72185032853133594081e-42
1.369700 2.66309968900632205192e-42
1.371137 2.60411748388983309384e-42
1.372575 2.54489606443663472756e-42
1.374012 2.48542658516272133505e-42
1.375449 2.42569884057925610783e-42
1.376887 2.36570107466793110713e-42
1.378324 2.30541975749711829821e-42
1.379762 2.24483932198248811978e-42
1.381199 2.18394185199065468014e-42
1.382636 2.12270671061863236597e-42
1.384074 2.06111009436037065828e-42
1.385511 1.99912449469980543710e-42
1.386949 1.93671804304341331307e-42
1.388386 1.87385370720603603809e-42
1.389823 1.81048829700313420241e-42
1.391261 1.74657122151089247974e-42
1.392698 1.68204291913994100005e-42
1.394136 1.61683285052440556603e-42
1.395573 1.55085689804557731452e-42
1.397010 1.48401394581125302630e-42
1.398448 1.41618130519540734051e-42
1.399885 1.34720847745813895063e-42
1.401323 1.27690845895801576677e-42
1.402760 1.20504530588689115147e-42
1.404197 1.13131580498230318078e-42
1.405635 1.05532146707050439243e-42
1.407072 9.76523823002274635305e-43
1.408509 8.94169086432940060459e-43
1.409947 8.07152067366826550575e-43
1.411384 7.13746593128502388720e-43
1.412822 6.10997581392079825599e-43
1.414259 4.93048460982943053176e-43
1.415696 3.44533035049376247339e-43
1.417134 0.00000000000000000000e+00
