0.860611 1.19790477489994300756e-44
0.902816 3.38619294130137064394e-44
0.945022 6.96817715976562210096e-44
0.987228 1.21483840891485413469e-43
1.029433 1.91028951335891607814e-43
1.071639 2.79809336286458460931e-43
1.113845 3.89069074534865965985e-43
1.156050 5.19826609279654689181e-43
1.198256 6.72897743593628148600e-43
1.240462 8.48918082105657270756e-43
1.282667 1.04836429302598019696e-42
1.324873 1.27157384103714368999e-42
1.367079 1.51876302773931376346e-42
1.409284 1.79004329913715038582e-42
1.451490 2.08543585818452440128e-42
1.493696 2.40488466828713353003e-42
1.535901 2.74826796055522296641e-42
1.578107 3.11540837033820728918e-42
1.620313 3.50608183196296938768e-42
1.662518 3.92002535801577757929e-42
1.704724 4.35694382325510319842e-42
1.746930 4.81651586493864751203e-42
1.789135 5.29839900205546230912e-42
1.831341 5.80223406637287577740e-42
1.873547 6.32764902883274295701e-42
1.915752 6.87426229586965376858e-42
1.957958 7.44168554192508708008e-42
2.000164 8.02952613678039626359e-42
2.042369 8.63738921941854933774e-42
2.084575 9.26487946390580673487e-42
