0.493677 6.16193510833958838579e-43
0.501087 6.24555116502465377119e-43
0.508497 6.32878471775235704240e-43
0.515907 6.41163087661349026633e-43
0.523317 6.49408477707750858016e-43
0.530727 6.57614158032746183468e-43
0.538137 6.65779647359568932877e-43
0.545547 6.73904467049695444506e-43
0.552957 6.81988141136398166830e-43
0.560367 6.90030196357973015488e-43
0.567777 6.98030162191095372410e-43
0.575187 7.05987570884104395806e-43
0.582597 7.13901957490177088196e-43
0.590007 7.21772859900436888366e-43
0.597417 7.29599818877128137663e-43
0.604827 7.37382378086513268659e-43
0.612237 7.45120084131844072576e-43
0.619647 7.52812486586297122148e-43
0.627057 7.60459138025649361192e-43
0.634467 7.68059594061015984075e-43
0.641877 7.75613413371433625948e-43
0.649287 7.83120157736406911881e-43
0.656697 7.90579392068160602594e-43
0.664107 7.97990684444197135926e-43
0.671517 8.05353606139211992941e-43
0.678927 8.12667731657326567255e-43
0.686337 8.19932638763920849683e-43
0.693747 8.27147908517522986256e-43
0.701157 8.34313125301481538507e-43
0.708567 8.41427876855440996905e-43
