0.000000 0.00000000000000000000e+00
0.108331 6.61319411109492347980e-45
0.216662 1.74618799154088325942e-44
0.324992 3.65844508225626295527e-44
0.433323 6.75497780306171706860e-44
0.541654 1.13247351342701203278e-43
0.649985 1.75707111884668588180e-43
0.758315 2.55957322810781077281e-43
0.866646 3.53927505687653243326e-43
0.974977 4.68401836733972023155e-43
1.083308 5.97026471873220539387e-43
1.191639 7.36372093221995561065e-43
1.299969 8.82050603291592660315e-43
1.408300 1.02888241988919874659e-42
1.516631 1.17110834855820397648e-42
1.624962 1.30263765191231444614e-42
1.733292 1.41732182913310021612e-42
1.841623 1.50924189967529006273e-42
1.949954 1.57299578090942169347e-42
2.058285 1.60397176977772831507e-42
2.166616 1.59859426432420986543e-42
2.274946 1.55452873470212883868e-42
2.383277 1.47083457220198400435e-42
2.491608 1.34805675719869790886e-42
2.599939 1.18825019183189031238e-42
2.708270 9.94933894840719544524e-43
2.816600 7.72975871291162226107e-43
2.924931 5.28413140262116972572e-43
3.033262 2.68214908415815958468e-43
3.141593 -5.14683708790122594553e-55
