0.306409 0.00000000000000000000e+00
0.315048 3.20643136539059489538e-43
0.323686 4.67953189913822306894e-43
0.332324 5.90830326940305082992e-43
0.340963 7.02624165825615259184e-43
0.349601 8.08294833961288973150e-43
0.358239 9.10280880587801066409e-43
0.366878 1.00996830130224911606e-42
0.375516 1.10821896113402327159e-42
0.384154 1.20560252506111734936e-42
0.392793 1.30251233987855727075e-42
0.401431 1.39922892266478983416e-42
0.410069 1.49595723889805939432e-42
0.418708 1.59284980769412137299e-42
0.427346 1.69002165919437549691e-42
0.435984 1.78756036975923583479e-42
0.444623 1.88553299914767219551e-42
0.453261 1.98399100935413003005e-42
0.461899 2.08297382919207347986e-42
0.470538 2.18251148679147651113e-42
0.479176 2.28262658617034796364e-42
0.487814 2.38333581310854505169e-42
0.496453 2.48465109734114118445e-42
0.505091 2.58658051989881012640e-42
0.513730 2.68912902882279755389e-42
0.522368 2.79229900897523300797e-42
0.531006 2.89609073949077446659e-42
0.539645 3.00050276379876377763e-42
0.548283 3.10553219097100366500e-42
0.556921 3.21117494265648387175e-42
0.565560 3.31742595655820754308e-42
0.574198 3.42427935494628159686e-42
0.582836 3.53172858484979907581e-42
0.591475 3.63976653516376316880e-42
0.600113 3.74838563482968615285e-42
0.608751 3.85757793541503797491e-42
0.617390 3.96733518076836455828e-42
0.626028 4.07764886591676877161e-42
0.634666 4.18851028697101205146e-42
0.643305 4.29991058348325069661e-42
0.651943 4.41184077444476563664e-42
0.660581 4.52429178890805461754e-42
0.669220 4.63725449204869433121e-42
0.677858 4.75071970734553660612e-42
0.686496 4.86467823545160727017e-42
0.695135 4.97912087023119910270e-42
0.703773 5.09403841236845930070e-42
0.712411 5.20942168088778265521e-42
0.721050 5.32526152287531911520e-42
0.729688 5.44154882164885125049e-42
0.738326 5.55827450358523624746e-42
0.746965 5.67542954378639851197e-42
0.755603 5.79300497073727870893e-42
0.764241 5.91099187008901667079e-42
0.772880 6.02938138768172923352e-42
0.781518 6.14816473190437321553e-42
0.790156 6.26733317548058743077e-42
0.798795 6.38687805674931937589e-42
0.807433 6.50679078050917031551e-42
0.816071 6.62706281847995734091e-42
0.824710 6.74768570943094962213e-42
0.833348 6.86865105901770775776e-42
0.841987 6.98995053936493329533e-42
0.850625 7.11157588842816395796e-42
0.859263 7.23351890916117283273e-42
0.867902 7.35577146851586350304e-42
0.876540 7.47832549629396939906e-42
0.885178 7.60117298387230625704e-42
0.893817 7.72430598281573581386e-42
0.902455 7.84771660339496201417e-42
0.911093 7.97139701301805683004e-42
0.919732 8.09533943459302941566e-42
0.928370 8.21953614482434184813e-42
0.937008 8.34397947245816171946e-42
0.945647 8.46866179647887631184e-42
0.954285 8.59357554426730884336e-42
0.962923 8.71871318972424099546e-42
0.971562 8.84406725136460088293e-42
0.980200 8.96963029038726397319e-42
0.988838 9.09539490872307580169e-42
0.997477 9.22135374706560684562e-42
1.006115 9.34749948288700752753e-42
1.014753 9.47382482844029517372e-42
1.023392 9.60032252875181095842e-42
1.032030 9.72698535960358429197e-42
1.040668 9.85380612550944846534e-42
1.049307 9.98077765768208331765e-42
1.057945 1.01078928119973394515e-41
1.066583 1.02351444669514381416e-41
1.075222 1.03625255216127572793e-41
1.083860 1.04900288935723364717e-41
1.092498 1.06176475168868143170e-41
1.101137 1.07453743400190512354e-41
1.109775 1.08732023237746880042e-41
1.118413 1.10011244392320502670e-41
1.127052 1.11291336656699259461e-41
1.135690 1.12572229884868036819e-41
1.144328 1.13853853971180759392e-41
1.152967 1.15136138829433356299e-41
1.161605 1.16419014371879337813e-41
1.170244 1.17702410488171223181e-41
1.178882 1.18986257024209084807e-41
1.187520 1.20270483760890843276e-41
1.196159 1.21555020392758718266e-41
1.204797 1.22839796506545709771e-41
1.213435 1.24124741559572226707e-41
1.222074 1.25409784858028012923e-41
1.230712 1.26694855535092673862e-41
1.239350 1.27979882528912773989e-41
1.247989 1.29264794560396225680e-41
1.256627 1.30549520110824708793e-41
1.265265 1.31833987399284069920e-41
1.273904 1.33118124359864577214e-41
1.282542 1.34401858618652238022e-41
1.291180 1.35685117470481993890e-41
1.299819 1.36967827855432197437e-41
1.308457 1.38249916335058561346e-41
1.317095 1.39531309068345556587e-41
1.325734 1.40811931787349107647e-41
1.334372 1.42091709772538129674e-41
1.343010 1.43370567827807174981e-41
1.351649 1.44648430255108725668e-41
1.360287 1.45925220828762815033e-41
1.368925 1.47200862769341076793e-41
1.377564 1.48475278717181349908e-41
1.386202 1.49748390705434475151e-41
1.394840 1.51020120132727908478e-41
1.403479 1.52290387735298133820e-41
1.412117 1.53559113558668318234e-41
1.420755 1.54826216928841514176e-41
1.429394 1.56091616422904851093e-41
1.438032 1.57355229839130488385e-41
1.446670 1.58616974166465203431e-41
1.455309 1.59876765553432651220e-41
1.463947 1.61134519276400044041e-41
1.472586 1.62390149707179606971e-41
1.481224 1.63643570279960807302e-41
1.489862 1.64894693457513687084e-41
1.498501 1.66143430696660673337e-41
1.507139 1.67389692412964102752e-41
1.515777 1.68633387944622247347e-41
1.524416 1.69874425515509403702e-41
1.533054 1.71112712197356094906e-41
1.541692 1.72348153871013945613e-41
1.550331 1.73580655186784813145e-41
1.558969 1.74810119523756670395e-41
1.567607 1.76036448948125517589e-41
1.576246 1.77259544170428154461e-41
1.584884 1.78479304501728380256e-41
1.593522 1.79695627808585128401e-41
1.602161 1.80908410466857847996e-41
1.610799 1.82117547314272816656e-41
1.619437 1.83322931601673967258e-41
1.628076 1.84524454942944821145e-41
1.636714 1.85722007263515934137e-41
1.645352 1.86915476747429511062e-41
1.653991 1.88104749782882426339e-41
1.662629 1.89289710906179491768e-41
1.671267 1.90470242744068576268e-41
1.679906 1.91646225954363037094e-41
1.688544 1.92817539164762121969e-41
1.697182 1.93984058909870845980e-41
1.705821 1.95145659566232964249e-41
1.714459 1.96302213285420729321e-41
1.723097 1.97453589925001248212e-41
1.731736 1.98599656977330091487e-41
1.740374 1.99740279496107360152e-41
1.749012 2.00875320020536187441e-41
1.757651 2.02004638497061652624e-41
1.766289 2.03128092198523660562e-41
1.774927 2.04245535640646757857e-41
1.783566 2.05356820495753916245e-41
1.792204 2.06461795503567149882e-41
1.800843 2.07560306378979244342e-41
1.809481 2.08652195716673177288e-41
1.818119 2.09737302892444985920e-41
1.826758 2.10815463961072658219e-41
1.835396 2.11886511550608596575e-41
1.844034 2.12950274752894643837e-41
1.852673 2.14006579010174492984e-41
1.861311 2.15055245997623065960e-41
1.869949 2.16096093501531976923e-41
1.878588 2.17128935293091485548e-41
1.887226 2.18153580997429267676e-41
1.895864 2.19169835957774095312e-41
1.904503 2.20177501094490550852e-41
1.913141 2.21176372758734112064e-41
1.921779 2.22166242580459936997e-41
1.930418 2.23146897310589717135e-41
1.939056 2.24118118656946431455e-41
1.947694 2.25079683113746483863e-41
1.956333 2.26031361784288038208e-41
1.964971 2.26972920196506532779e-41
1.973609 2.27904118111058007494e-41
1.982248 2.28824709321523635719e-41
1.990886 2.29734441446411846422e-41
1.999524 2.30633055712426453743e-41
2.008163 2.31520286728644017856e-41
2.016801 2.32395862251120368447e-41
2.025439 2.33259502937353567877e-41
2.034078 2.34110922090146491759e-41
2.042716 2.34949825390294009956e-41
2.051354 2.35775910617442696392e-41
2.059993 2.36588867358509230224e-41
2.068631 2.37388376703019028123e-41
2.077269 2.38174110924536394002e-41
2.085908 2.38945733147547216134e-41
2.094546 2.39702896998808278944e-41
2.103184 2.40445246242432457329e-41
2.111823 2.41172414397666101645e-41
2.120461 2.41884024338375739374e-41
2.129100 2.42579687873196017430e-41
2.137738 2.43259005305136699687e-41
2.146376 2.43921564969450867589e-41
2.155015 2.44566942748420111080e-41
2.163653 2.45194701561610437323e-41
2.172291 2.45804390830124739152e-41
2.180930 2.46395545913155906832e-41
2.189568 2.46967687515113314624e-41
2.198206 2.47520321061344087517e-41
2.206845 2.48052936040519034414e-41
2.215483 2.48565005311349482833e-41
2.224121 2.49055984371296967951e-41
2.232760 2.49525310584702970774e-41
2.241398 2.49972402367507131142e-41
2.250036 2.50396658325533433289e-41
2.258675 2.50797456343083037193e-41
2.267313 2.51174152618233520921e-41
2.275951 2.51526080640978545971e-41
2.284590 2.51852550110016762943e-41
2.293228 2.52152845783541034960e-41
2.301866 2.52426226259072876731e-41
2.310505 2.52671922676835924811e-41
2.319143 2.52889137340712773266e-41
2.327781 2.53077042250202620938e-41
2.336420 2.53234777536206330547e-41
2.345058 2.53361449792801550168e-41
2.353696 2.53456130296236562420e-41
2.362335 2.53517853101708035789e-41
2.370973 2.53545613007310391903e-41
2.379611 2.53538363373525994316e-41
2.388250 2.53495013785455856474e-41
2.396888 2.53414427543400482355e-41
2.405526 2.53295418966041966487e-41
2.414165 2.53136750488535009855e-41
2.422803 2.52937129535877920186e-41
2.431442 2.52695205149586880968e-41
2.440080 2.52409564343134317045e-41
2.448718 2.52078728158569812450e-41
2.457357 2.51701147393346838606e-41
2.465995 2.51275197962504610341e-41
2.474633 2.50799175856734420620e-41
2.483272 2.50271291651774145696e-41
2.491910 2.49689664518470546949e-41
2.500548 2.49052315675874056921e-41
2.509187 2.48357161221676472190e-41
2.517825 2.47602004264617404335e-41
2.526463 2.46784526272517934725e-41
2.535102 2.45902277536455406755e-41
2.543740 2.44952666635977012050e-41
2.552378 2.43932948772115853089e-41
2.561017 2.42840212812944348594e-41
2.569655 2.41671366870442951529e-41
2.578293 2.40423122195937638960e-41
2.586932 2.39091975143706893007e-41
2.595570 2.37674186906328272830e-41
2.604208 2.36165760669446923226e-41
2.612847 2.34562415765143679945e-41
2.621485 2.32859558318330440143e-41
2.630123 2.31052247775925712369e-41
2.638762 2.29135158577226188904e-41
2.647400 2.27102536059215942895e-41
2.656038 2.24948145481514786901e-41
2.664677 2.22665212788750871733e-41
2.673315 2.20246355384292781590e-41
2.681953 2.17683500742060918288e-41
2.690592 2.14967790096212702330e-41
2.699230 2.12089463669273215019e-41
2.707868 2.09037722853920463606e-41
2.716507 2.05800563342772700970e-41
2.725145 2.02364571243805528829e-41
2.733783 1.98714671484413693200e-41
2.742422 1.94833813922931435810e-41
2.751060 1.90702576971545091880e-41
2.759699 1.86298660256040137567e-41
2.768337 1.81596225363401434956e-41
2.776975 1.76565024464652418362e-41
2.785614 1.71169226019504683548e-41
2.794252 1.65365796670017015015e-41
2.802890 1.59102213333568638524e-41
2.811529 1.52313128755440584401e-41
2.820167 1.44915333165360415858e-41
2.828805 1.36799800388915415387e-41
2.837444 1.27818429491912925329e-41
2.846082 1.17760354144811147674e-41
2.854720 1.06305518214519991529e-41
2.863359 9.29211151345654193421e-42
2.871997 7.65797971285335660649e-42
2.880635 5.46593636814935954676e-42
2.889274 0.00000000000000000000e+00
