0.105658 0.00000000000000000000e+00
0.115442 1.24714932238464322857e-42
0.125226 1.94237468045544765651e-42
0.135010 2.59827403053335018366e-42
0.144794 3.25320171322921747685e-42
0.154578 3.91851088295395346475e-42
0.164362 4.59769851930548365163e-42
0.174145 5.29096586600673173214e-42
0.183929 5.99676457002141968558e-42
0.193713 6.71241824224353072189e-42
0.203497 7.43438727026942242982e-42
0.213281 8.15837002498994279039e-42
0.223065 8.87931552319675562677e-42
0.232849 9.59137818903130818153e-42
0.242633 1.02878257016586205926e-41
0.252416 1.09609002380632224569e-41
0.262200 1.16016256155521969639e-41
0.271984 1.21995448159770924427e-41
0.281768 1.27423616486580059969e-41
0.291552 1.32154436173762097178e-41
0.301336 1.36011146738441483279e-41
0.311120 1.38776149544223324985e-41
0.320904 1.40175045058011131073e-41
0.330687 1.39850787450982001757e-41
0.340471 1.37318838463420559274e-41
0.350255 1.31881828378441368987e-41
0.360039 1.22444682322865330573e-41
0.369823 1.07026180917503959271e-41
0.379607 8.09095353916257913021e-42
0.389391 0.00000000000000000000e+00
