0.829377 0.00000000000000000000e+00
0.829537 6.93135831859357833412e-44
0.829697 9.77604158507981474871e-44
0.829857 1.19408516957866606643e-43
0.830018 1.37508084408711617590e-43
0.830178 1.53321727651796703314e-43
0.830338 1.67498792744088994581e-43
0.830498 1.80426074130330382138e-43
0.830658 1.92356270126862143415e-43
0.830818 2.03465375822116351769e-43
0.830978 2.13881873466770248833e-43
0.831138 2.23703013870482194395e-43
0.831298 2.33004550645021547095e-43
0.831458 2.41846885032478482168e-43
0.831618 2.50279118392819887812e-43
0.831778 2.58341822890796342429e-43
0.831938 2.66068993955517790916e-43
0.832098 2.73489462014696880793e-43
0.832258 2.80627936149568448136e-43
0.832418 2.87505790693154950315e-43
0.832578 2.94141668243456042225e-43
0.832738 3.00551948951064490403e-43
0.832898 3.06751120676896356269e-43
0.833058 3.12752074504129737343e-43
0.833218 3.18566343242509518298e-43
0.833378 3.24204295835839585169e-43
0.833538 3.29675297261271591329e-43
0.833698 3.34987841136244487794e-43
0.833858 3.40149660529135373245e-43
0.834018 3.45167821206482523776e-43
0.834178 3.50048800610281030024e-43
0.834339 3.54798555152123956087e-43
0.834499 3.59422577873891381665e-43
0.834659 3.63925948112308607725e-43
0.834819 3.68313374485145381035e-43
0.834979 3.72589232267581753806e-43
0.835139 3.76757596030357246550e-43
0.835299 3.80822268255583777698e-43
0.835459 3.84786804521631485795e-43
0.835619 3.88654535747979918195e-43
0.835779 3.92428587910184781142e-43
0.835939 3.96111899568818147904e-43
0.836099 3.99707237502475161029e-43
0.836259 4.03217210690236831247e-43
0.836419 4.06644282852305719097e-43
0.836579 4.09990783727213870078e-43
0.836739 4.13258919237934212874e-43
0.836899 4.16450780678494928683e-43
0.837059 4.19568353034327153337e-43
0.837219 4.22613522534391579412e-43
0.837379 4.25588083520365991772e-43
0.837539 4.28493744707210518311e-43
0.837699 4.31332134899738750309e-43
0.837859 4.34104808222435480596e-43
0.838019 4.36813248911937018216e-43
0.838179 4.39458875716719478383e-43
0.838339 4.42043045942280710438e-43
0.838500 4.44567059176637427875e-43
0.838660 4.47032160726323764550e-43
0.838820 4.49439544790120065423e-43
0.838980 4.51790357394629491298e-43
0.839140 4.54085699113253466334e-43
0.839300 4.56326627587906820995e-43
0.839460 4.58514159870579968294e-43
0.839620 4.60649274600486746235e-43
0.839780 4.62732914030541132109e-43
0.839940 4.64765985915942771248e-43
0.840100 4.66749365275980348424e-43
0.840260 4.68683896039530487725e-43
0.840420 4.70570392583345708855e-43
0.840580 4.72409641171772370375e-43
0.840740 4.74202401305227061650e-43
0.840900 4.75949406984797103939e-43
0.841060 4.77651367898863424143e-43
0.841220 4.79308970537776450609e-43
0.841380 4.80922879241959167276e-43
0.841540 4.82493737187837764614e-43
0.841700 4.84022167316461605609e-43
0.841860 4.85508773208636883233e-43
0.842020 4.86954139910200722791e-43
0.842180 4.88358834711113302160e-43
0.842340 4.89723407881182346103e-43
0.842500 4.91048393365602673663e-43
0.842660 4.92334309442646510358e-43
0.842821 4.93581659346403912784e-43
0.842981 4.94790931856232909141e-43
0.843141 4.95962601855602759684e-43
0.843301 4.97097130861941430958e-43
0.843461 4.98194967529295204169e-43
0.843621 4.99256548125532347553e-43
0.843781 5.00282296985619026178e-43
0.843941 5.01272626942448865332e-43
0.844101 5.02227939736397010402e-43
0.844261 5.03148626404994072447e-43
0.844421 5.04035067653789003794e-43
0.844581 5.04887634209551832913e-43
0.844741 5.05706687156642197059e-43
0.844901 5.06492578257717622122e-43
0.845061 5.07245650259433283585e-43
0.845221 5.07966237184114433889e-43
0.845381 5.08654664607996277085e-43
0.845541 5.09311249926870770535e-43
0.845701 5.09936302609842747913e-43
0.845861 5.10530124441561774611e-43
0.846021 5.11093009753813981254e-43
0.846181 5.11625245646921773081e-43
0.846341 5.12127112201324198718e-43
0.846501 5.12598882680016635496e-43
0.846661 5.13040823722181871313e-43
0.846821 5.13453195528534639268e-43
0.846982 5.13836252038587025637e-43
0.847142 5.14190241100483298892e-43
0.847302 5.14515404633557335570e-43
0.847462 5.14811978783996179857e-43
0.847622 5.15080194073909078856e-43
0.847782 5.15320275544151358610e-43
0.847942 5.15532442891221281313e-43
0.848102 5.15716910598199296365e-43
0.848262 5.15873888060443788700e-43
0.848422 5.16003579705881864548e-43
0.848582 5.16106185110305395763e-43
0.848742 5.16181899107810921751e-43
0.848902 5.16230911896614088679e-43
0.849062 5.16253409140455047511e-43
0.849222 5.16249572065665544155e-43
0.849382 5.16219577554135391028e-43
0.849542 5.16163598232337469925e-43
0.849702 5.16081802556565318180e-43
0.849862 5.15974354894420815426e-43
0.850022 5.15841415602833151691e-43
0.850182 5.15683141102629548046e-43
0.850342 5.15499683949795611916e-43
0.850502 5.15291192903552774413e-43
0.850662 5.15057812991321153321e-43
0.850822 5.14799685570752640408e-43
0.850982 5.14516948388786181333e-43
0.851142 5.14209735637873166740e-43
0.851303 5.13878178009555263901e-43
0.851463 5.13522402745331682132e-43
0.851623 5.13142533684929459426e-43
0.851783 5.12738691311965459358e-43
0.851943 5.12310992797416034549e-43
0.852103 5.11859552040297903096e-43
0.852263 5.11384479706303176361e-43
0.852423 5.10885883264008983985e-43
0.852583 5.10363867018805631970e-43
0.852743 5.09818532144661819882e-43
0.852903 5.09249976713716482408e-43
0.853063 5.08658295723643488419e-43
0.853223 5.08043581122995184336e-43
0.853383 5.07405921834423779746e-43
0.853543 5.06745403775847644470e-43
0.853703 5.06062109879514644636e-43
0.853863 5.05356120109239636128e-43
0.854023 5.04627511475315645559e-43
0.854183 5.03876358047753977496e-43
0.854343 5.03102730967314782847e-43
0.854503 5.02306698454676099361e-43
0.854663 5.01488325817570106838e-43
0.854823 5.00647675455911847579e-43
0.854983 4.99784806865052160753e-43
0.855143 4.98899776636939922608e-43
0.855303 4.97992638459253333446e-43
0.855464 4.97063443112705043348e-43
0.855624 4.96112238466042153558e-43
0.855784 4.95139069469246661240e-43
0.855944 4.94143978144479528511e-43
0.856104 4.93127003575020801155e-43
0.856264 4.92088181892054114677e-43
0.856424 4.91027546259232580902e-43
0.856584 4.89945126855157166592e-43
0.856744 4.88840950853402029134e-43
0.856904 4.87715042400539167758e-43
0.857064 4.86567422591445578566e-43
0.857224 4.85398109442601918937e-43
0.857384 4.84207117862607403130e-43
0.857544 4.82994459620317884401e-43
0.857704 4.81760143310412049551e-43
0.857864 4.80504174316171216054e-43
0.858024 4.79226554769668204167e-43
0.858184 4.77927283508926466835e-43
0.858344 4.76606356032229098514e-43
0.858504 4.75263764449569199875e-43
0.858664 4.73899497430571145642e-43
0.858824 4.72513540149635491510e-43
0.858984 4.71105874227258628413e-43
0.859144 4.69676477668213089884e-43
0.859304 4.68225324795786629665e-43
0.859464 4.66752386182521595022e-43
0.859624 4.65257628576838706407e-43
0.859785 4.63741014825464871992e-43
0.859945 4.62202503791844259919e-43
0.860105 4.60642050269810240720e-43
0.860265 4.59059604892691209717e-43
0.860425 4.57455114037514943524e-43
0.860585 4.55828519724076828239e-43
0.860745 4.54179759508560111568e-43
0.860905 4.52508766371632268053e-43
0.861065 4.50815468600564641040e-43
0.861225 4.49099789665044555837e-43
0.861385 4.47361648086713518306e-43
0.861545 4.45600957301436613002e-43
0.861705 4.43817625514680583963e-43
0.861865 4.42011555549080030017e-43
0.862025 4.40182644683956414915e-43
0.862185 4.38330784486407072299e-43
0.862345 4.36455860633310719223e-43
0.862505 4.34557752723982635315e-43
0.862665 4.32636334082650064277e-43
0.862825 4.30691471550348130976e-43
0.862985 4.28723025265585336752e-43
0.863145 4.26730848433068034316e-43
0.863305 4.24714787079616602983e-43
0.863465 4.22674679796773412015e-43
0.863625 4.20610357469046033503e-43
0.863785 4.18521642986875890009e-43
0.863946 4.16408350943484413797e-43
0.864106 4.14270287314340883288e-43
0.864266 4.12107249118321093155e-43
0.864426 4.09919024059097904467e-43
0.864586 4.07705390145618799393e-43
0.864746 4.05466115290081570238e-43
0.864906 4.03200956881842531745e-43
0.865066 4.00909661335634931513e-43
0.865226 3.98591963612163067013e-43
0.865386 3.96247586709115394081e-43
0.865546 3.93876241120243311498e-43
0.865706 3.91477624260331608792e-43
0.865866 3.89051419853259842028e-43
0.866026 3.86597297280511060857e-43
0.866186 3.84114910886685374529e-43
0.866346 3.81603899238900516682e-43
0.866506 3.79063884336262758957e-43
0.866666 3.76494470765136536450e-43
0.866826 3.73895244795928642241e-43
0.866986 3.71265773416191440324e-43
0.867146 3.68605603294821268938e-43
0.867306 3.65914259671027220427e-43
0.867466 3.63191245161498315576e-43
0.867626 3.60436038478581917922e-43
0.867786 3.57648093050758259249e-43
0.867946 3.54826835536861509575e-43
0.868106 3.51971664223480651940e-43
0.868267 3.49081947294433364155e-43
0.868427 3.46157020959586731746e-43
0.868587 3.43196187429025935024e-43
0.868747 3.40198712716546118224e-43
0.868907 3.37163824254771853702e-43
0.869067 3.34090708301936466818e-43
0.869227 3.30978507117485563272e-43
0.869387 3.27826315881241029427e-43
0.869547 3.24633179327030589261e-43
0.869707 3.21398088057544568666e-43
0.869867 3.18119974503644017372e-43
0.870027 3.14797708484570312867e-43
0.870187 3.11430092320322051307e-43
0.870347 3.08015855439848338502e-43
0.870507 3.04553648420090639586e-43
0.870667 3.01042036380781684977e-43
0.870827 2.97479491648038926191e-43
0.870987 2.93864385585249765737e-43
0.871147 2.90194979473440808217e-43
0.871307 2.86469414301946475950e-43
0.871467 2.82685699306426587312e-43
0.871627 2.78841699061295089686e-43
0.871787 2.74935118897441946306e-43
0.871947 2.70963488372144032384e-43
0.872107 2.66924142463447036789e-43
0.872267 2.62814200094880062408e-43
0.872428 2.58630539511833767568e-43
0.872588 2.54369769927265143022e-43
0.872748 2.50028198722278699078e-43
0.872908 2.45601793318824632840e-43
0.873068 2.41086136628406442187e-43
0.873228 2.36476374702186563303e-43
0.873388 2.31767154847265049072e-43
0.873548 2.26952551997764389243e-43
0.873708 2.22025980496623068396e-43
0.873868 2.16980087592500836533e-43
0.874028 2.11806623796256856896e-43
0.874188 2.06496283639332573174e-43
0.874348 2.01038508133706395331e-43
0.874508 1.95421237037315098860e-43
0.874668 1.89630594399463918663e-43
0.874828 1.83650484019396595069e-43
0.874988 1.77462061114780440094e-43
0.875148 1.71043030500173473024e-43
0.875308 1.64366696116676558118e-43
0.875468 1.57400644949744043520e-43
0.875628 1.50104877193531292421e-43
0.875788 1.42429068129041490538e-43
0.875948 1.34308411353712972108e-43
0.876108 1.25657026062806491248e-43
0.876268 1.16356916990526901737e-43
0.876428 1.06238157335030391725e-43
0.876589 9.50398782022797711278e-44
0.876749 8.23228489737677320563e-44
0.876909 6.72305007555446699503e-44
0.877069 4.75511819040566135830e-44
0.877229 0.00000000000000000000e+00
