0.177506 0.00000000000000000000e+00
0.177724 2.10634086988779375599e-44
0.177943 2.97904486024530983772e-44
0.178161 3.64882146662192952783e-44
0.178379 4.21355300170670048999e-44
0.178597 4.71114498062532948741e-44
0.178816 5.16103260735862368004e-44
0.179034 5.57475778566380319328e-44
0.179252 5.95983808408596336177e-44
0.179471 6.32149315826674469169e-44
0.179689 6.66352171963047996252e-44
0.179907 6.98879007072795205655e-44
0.180125 7.29952382745493423180e-44
0.180344 7.59749184446627756470e-44
0.180562 7.88412736404865829512e-44
0.180780 8.16061074388572181620e-44
0.180998 8.42792768243671595299e-44
0.181217 8.68691126733633101866e-44
0.181435 8.93827302239360499393e-44
0.181653 9.18262627881101923171e-44
0.181872 9.42050406972303075005e-44
0.182090 9.65237303924767845432e-44
0.182308 9.87864439992898541699e-44
0.182526 1.00996826697100834850e-43
0.182745 1.03158127147195143652e-43
0.182963 1.05273254828166805618e-43
0.183181 1.07344827135552901032e-43
0.183399 1.09375208393730109884e-43
0.183618 1.11366542414952742567e-43
0.183836 1.13320779863583497310e-43
0.184054 1.15239701403729144632e-43
0.184272 1.17124937397907876149e-43
0.184491 1.18977984764579572641e-43
0.184709 1.20800221479624167361e-43
0.184927 1.22592919112031295028e-43
0.185146 1.24357253709774419029e-43
0.185364 1.26094315293648116864e-43
0.185582 1.27805116170469550317e-43
0.185800 1.29490598240186058027e-43
0.186019 1.31151639441708253416e-43
0.186237 1.32789059458291645812e-43
0.186455 1.34403624783754453313e-43
0.186673 1.35996053234825310228e-43
0.186892 1.37567017981854225182e-43
0.187110 1.39117151159129504491e-43
0.187328 1.40647047107163202190e-43
0.187547 1.42157265291705463345e-43
0.187765 1.43648332937950873899e-43
0.187983 1.45120747413175086693e-43
0.188201 1.46574978386431696156e-43
0.188420 1.48011469790325564447e-43
0.188638 1.49430641606451284537e-43
0.188856 1.50832891493506429095e-43
0.189074 1.52218596274637565186e-43
0.189293 1.53588113298560498961e-43
0.189511 1.54941781687259624845e-43
0.189729 1.56279923481616920108e-43
0.189948 1.57602844694865955782e-43
0.190166 1.58910836282851202896e-43
0.190384 1.60204175038829226053e-43
0.190602 1.61483124419929201148e-43
0.190821 1.62747935311454591083e-43
0.191039 1.63998846734607157944e-43
0.191257 1.65236086502680923787e-43
0.191475 1.66459871830161008951e-43
0.191694 1.67670409898774020400e-43
0.191912 1.68867898384140301346e-43
0.192130 1.70052525946279263924e-43
0.192349 1.71224472686894952024e-43
0.192567 1.72383910576187329037e-43
0.192785 1.73531003851554673565e-43
0.193003 1.74665909390374537675e-43
0.193222 1.75788777058940042241e-43
0.193440 1.76899750039252314194e-43
0.193658 1.77998965135421407058e-43
0.193876 1.79086553061159172031e-43
0.194095 1.80162638709675552717e-43
0.194313 1.81227341407377615682e-43
0.194531 1.82280775152377872147e-43
0.194750 1.83323048838965329187e-43
0.194968 1.84354266468992795674e-43
0.195186 1.85374527351045312661e-43
0.195404 1.86383926288226181030e-43
0.195623 1.87382553755343790200e-43
0.195841 1.88370496066140586886e-43
0.196059 1.89347835531253713913e-43
0.196277 1.90314650607477964595e-43
0.196496 1.91271016038871031205e-43
0.196714 1.92217002990255961251e-43
0.196932 1.93152679173508580147e-43
0.197151 1.94078108967147913938e-43
0.197369 1.94993353529574078365e-43
0.197587 1.95898470906368993179e-43
0.197805 1.96793516131952612500e-43
0.198024 1.97678541325999635188e-43
0.198242 1.98553595784854265058e-43
0.198460 1.99418726068186206429e-43
0.198678 2.00273976081317472219e-43
0.198897 2.01119387153208534345e-43
0.199115 2.01954998110592696499e-43
0.199333 2.02780845348244948882e-43
0.199552 2.03596962895755778423e-43
0.199770 2.04403382480878477260e-43
0.199988 2.05200133589680390229e-43
0.200206 2.05987243523645542019e-43
0.200425 2.06764737453867282810e-43
0.200643 2.07532638472481977518e-43
0.200861 2.08290967641485523818e-43
0.201079 2.09039744039048835346e-43
0.201298 2.09778984803408559367e-43
0.201516 2.10508705174544750801e-43
0.201734 2.11228918533584845656e-43
0.201953 2.11939636440241958177e-43
0.202171 2.12640868668130582160e-43
0.202389 2.13332623238303326351e-43
0.202607 2.14014906450823287875e-43
0.202826 2.14687722914693868239e-43
0.203044 2.15351075576031090343e-43
0.203262 2.16004965744607417113e-43
0.203480 2.16649393118890257589e-43
0.203699 2.17284355809508011634e-43
0.203917 2.17909850361275362158e-43
0.204135 2.18525871773864518859e-43
0.204354 2.19132413521028102464e-43
0.204572 2.19729467568597936965e-43
0.204790 2.20317024391131585622e-43
0.205008 2.20895072987379401530e-43
0.205227 2.21463600894507731862e-43
0.205445 2.22022594201182384323e-43
0.205663 2.22572037559490331330e-43
0.205881 2.23111914195741550236e-43
0.206100 2.23642205920241925311e-43
0.206318 2.24162893135912830837e-43
0.206536 2.24673954845960116262e-43
0.206754 2.25175368660434418855e-43
0.206973 2.25667110801878316096e-43
0.207191 2.26149156109917536899e-43
0.207409 2.26621478044890104648e-43
0.207628 2.27084048690548181246e-43
0.207846 2.27536838755775340542e-43
0.208064 2.27979817575388052875e-43
0.208282 2.28412953109983664272e-43
0.208501 2.28836211944868126113e-43
0.208719 2.29249559288078609627e-43
0.208937 2.29652958967468745097e-43
0.209155 2.30046373426888427292e-43
0.209374 2.30429763721442853587e-43
0.209592 2.30803089511835374937e-43
0.209810 2.31166309057805152021e-43
0.210029 2.31519379210601428878e-43
0.210247 2.31862255404600285003e-43
0.210465 2.32194891647907782705e-43
0.210683 2.32517240512070345763e-43
0.210902 2.32829253120827769499e-43
0.211120 2.33130879137868557037e-43
0.211338 2.33422066753674285786e-43
0.211556 2.33702762671271152692e-43
0.211775 2.33972912091098229689e-43
0.211993 2.34232458694747531276e-43
0.212211 2.34481344627729547951e-43
0.212430 2.34719510481110193509e-43
0.212648 2.34946895272145179765e-43
0.212866 2.35163436423719492700e-43
0.213084 2.35369069742700778185e-43
0.213303 2.35563729397133793178e-43
0.213521 2.35747347892167034544e-43
0.213739 2.35919856044866712657e-43
0.213957 2.36081182957675322407e-43
0.214176 2.36231255990569215697e-43
0.214394 2.36370000731989652478e-43
0.214612 2.36497340968252648139e-43
0.214831 2.36613198651617795965e-43
0.215049 2.36717493866867190206e-43
0.215267 2.36810144796392697358e-43
0.215485 2.36891067683612472310e-43
0.215704 2.36960176794915138943e-43
0.215922 2.37017384379762635274e-43
0.216140 2.37062600629131264592e-43
0.216358 2.37095733632112406828e-43
0.216577 2.37116689330650308068e-43
0.216795 2.37125371472228883707e-43
0.217013 2.37121681560636057949e-43
0.217232 2.37105518804531986270e-43
0.217450 2.37076780063797025523e-43
0.217668 2.37035359793623328302e-43
0.217886 2.36981149986139255700e-43
0.218105 2.36914040109569476017e-43
0.218323 2.36833917044743999207e-43
0.218541 2.36740665018866177229e-43
0.218759 2.36634165536421622155e-43
0.218978 2.36514297307089920992e-43
0.219196 2.36380936170466781362e-43
0.219414 2.36233955017604653150e-43
0.219633 2.36073223708947466268e-43
0.219851 2.35898608988775023524e-43
0.220069 2.35709974395791872100e-43
0.220287 2.35507180169693777264e-43
0.220506 2.35290083153637799201e-43
0.220724 2.35058536692178151464e-43
0.220942 2.34812390524653383760e-43
0.221160 2.34551490673648680385e-43
0.221379 2.34275679328307652699e-43
0.221597 2.33984794722244625346e-43
0.221815 2.33678671005706537749e-43
0.222034 2.33357138111673409669e-43
0.222252 2.33020021615663425288e-43
0.222470 2.32667142588677805074e-43
0.222688 2.32298317443119863529e-43
0.222907 2.31913357771072482972e-43
0.223125 2.31512070174703761730e-43
0.223343 2.31094256088035993340e-43
0.223561 2.30659711589920180979e-43
0.223780 2.30208227207351595818e-43
0.223998 2.29739587708686247817e-43
0.224216 2.29253571886174719408e-43
0.224435 2.28749952326971412979e-43
0.224653 2.28228495172012363626e-43
0.224871 2.27688959861954955089e-43
0.225089 2.27131098869222648213e-43
0.225308 2.26554657415400273423e-43
0.225526 2.25959373172808207956e-43
0.225744 2.25344975949326824567e-43
0.225962 2.24711187355147073529e-43
0.226181 2.24057720450382255835e-43
0.226399 2.23384279371923561188e-43
0.226617 2.22690558938259799380e-43
0.226836 2.21976244230500082269e-43
0.227054 2.21241010147948057306e-43
0.227272 2.20484520936115013760e-43
0.227490 2.19706429685320529531e-43
0.227709 2.18906377797373251371e-43
0.227927 2.18083994417895254084e-43
0.228145 2.17238895831608566055e-43
0.228363 2.16370684817438818892e-43
0.228582 2.15478949960217417926e-43
0.228800 2.14563264915317763737e-43
0.229018 2.13623187622186041029e-43
0.229236 2.12658259462390152228e-43
0.229455 2.11668004357269558320e-43
0.229673 2.10651927799825471788e-43
0.229891 2.09609515814781283343e-43
0.230110 2.08540233840266729895e-43
0.230328 2.07443525523705101953e-43
0.230546 2.06318811423648287326e-43
0.230764 2.05165487608408134640e-43
0.230983 2.03982924141268633921e-43
0.231201 2.02770463440683993042e-43
0.231419 2.01527418502697523012e-43
0.231637 2.00253070970942370676e-43
0.231856 1.98946669037979141508e-43
0.232074 1.97607425159436859103e-43
0.232292 1.96234513560084133065e-43
0.232511 1.94827067508017594798e-43
0.232729 1.93384176329939721613e-43
0.232947 1.91904882136818565295e-43
0.233165 1.90388176224337043438e-43
0.233384 1.88832995107930238638e-43
0.233602 1.87238216145479213515e-43
0.233820 1.85602652694016639908e-43
0.234038 1.83925048737836048736e-43
0.234257 1.82204072915532997955e-43
0.234475 1.80438311861303491482e-43
0.234693 1.78626262761141354239e-43
0.234912 1.76766325007470643205e-43
0.235130 1.74856790814264936008e-43
0.235348 1.72895834629266568132e-43
0.235566 1.70881501148464484878e-43
0.235785 1.68811691699622165055e-43
0.236003 1.66684148713822155545e-43
0.236221 1.64496437945065983024e-43
0.236439 1.62245928023866873112e-43
0.236658 1.59929766837362698981e-43
0.236876 1.57544854110147708236e-43
0.237094 1.55087809408215709347e-43
0.237313 1.52554934592937689796e-43
0.237531 1.49942169496648638811e-43
0.237749 1.47245039256364175488e-43
0.237967 1.44458591296241177072e-43
0.238186 1.41577319349622628669e-43
0.238404 1.38595071096044288032e-43
0.238622 1.35504934861925588702e-43
0.238840 1.32299099258135268735e-43
0.239059 1.28968677384103213570e-43
0.239277 1.25503483980937914805e-43
0.239495 1.21891749118966016782e-43
0.239714 1.18119744764736136122e-43
0.239932 1.14171289373264381004e-43
0.240150 1.10027077840792757280e-43
0.240368 1.05663754928718844245e-43
0.240587 1.01052600543669482718e-43
0.240805 9.61576070249862021819e-44
0.241023 9.09325640724426822862e-44
0.241241 8.53164414393803967487e-44
0.241460 7.92256670157379002657e-44
0.241678 7.25402841492652169857e-44
0.241896 6.50767381180945527875e-44
0.242115 5.65269750454708129105e-44
0.242333 4.62921898879103997276e-44
0.242551 3.28314289049632800787e-44
0.242769 0.00000000000000000000e+00
