1.431663 0.00000000000000000000e+00
1.438653 4.40938836211535104904e-42
1.445643 6.22782631857090896139e-42
1.452632 7.61762428210094116373e-42
1.459622 8.78457186832624101798e-42
1.466612 9.80847569562171945998e-42
1.473602 1.07303097719454559105e-41
1.480591 1.15744388884589462735e-41
1.487581 1.23567528023534882835e-41
1.494571 1.30882980899301468622e-41
1.501560 1.37771241053206443097e-41
1.508550 1.44293119131586836784e-41
1.515540 1.50495890560894529469e-41
1.522530 1.56417173759351167784e-41
1.529519 1.62087486107005816605e-41
1.536509 1.67531990301909644296e-41
1.543499 1.72771724168994705282e-41
1.550488 1.77824489282753632263e-41
1.557478 1.82705507458558661519e-41
1.564468 1.87427915212606308122e-41
1.571457 1.92003142561661947984e-41
1.578447 1.96441207617901175181e-41
1.585437 2.00750948795471187274e-41
1.592427 2.04940210062467825055e-41
1.599416 2.09015990351885507109e-41
1.606406 2.12984565263240157700e-41
1.613396 2.16851587091340787814e-41
1.620385 2.20622167723254192512e-41
1.627375 2.24300947860555536807e-41
1.634365 2.27892155228442389957e-41
1.641355 2.31399653841527672022e-41
1.648344 2.34826985951576361014e-41
1.655334 2.38177407964189781920e-41
1.662324 2.41453921352159268972e-41
1.669313 2.44659299392469839463e-41
1.676303 2.47796110396868144874e-41
1.683293 2.50866737982496238471e-41
1.690283 2.53873398831230872224e-41
1.697272 2.56818158308024210855e-41
1.704262 2.59702944245657236771e-41
1.711252 2.62529559152581093150e-41
1.718241 2.65299691058902302914e-41
1.725231 2.68014923181894681333e-41
1.732221 2.70676742564413541472e-41
1.739210 2.73286547816664193183e-41
1.746200 2.75845656072494512630e-41
1.753190 2.78355309255620098118e-41
1.760180 2.80816679737604640206e-41
1.767169 2.83230875458328022261e-41
1.774159 2.85598944570020836529e-41
1.781149 2.87921879658094314390e-41
1.788138 2.90200621584814285630e-41
1.795128 2.92436062996388462993e-41
1.802118 2.94629051528681877148e-41
1.809108 2.96780392742731280751e-41
1.816097 2.98890852817299679584e-41
1.823087 3.00961161022658917981e-41
1.830077 3.02992011996956722475e-41
1.837066 3.04984067844002169528e-41
1.844056 3.06937960069417322444e-41
1.851046 3.08854291370028500374e-41
1.858036 3.10733637289854120834e-41
1.865025 3.12576547754778465727e-41
1.872015 3.14383548496379029825e-41
1.879005 3.16155142374728493716e-41
1.885994 3.17891810608717787789e-41
1.892984 3.19594013921587616674e-41
1.899974 3.21262193608891854225e-41
1.906964 3.22896772535021650299e-41
1.913953 3.24498156064097617362e-41
1.920943 3.26066732930571721353e-41
1.927933 3.27602876053935861476e-41
1.934922 3.29106943302201661031e-41
1.941912 3.30579278207721932389e-41
1.948902 3.32020210639151441337e-41
1.955891 3.33430057432696704685e-41
1.962881 3.34809122985564801043e-41
1.969871 3.36157699814457756891e-41
1.976861 3.37476069081508467193e-41
1.983850 3.38764501089928293787e-41
1.990840 3.40023255751543244303e-41
1.997830 3.41252583028088129359e-41
2.004819 3.42452723347957469317e-41
2.011809 3.43623908000298249871e-41
2.018799 3.44766359507536648322e-41
2.025789 3.45880291978173717540e-41
2.032778 3.46965911440839681777e-41
2.039768 3.48023416160839056340e-41
2.046758 3.49052996940407179895e-41
2.053747 3.50054837403540672117e-41
2.060737 3.51029114266534313860e-41
2.067727 3.51975997594790776861e-41
2.074717 3.52895651047125474078e-41
2.081706 3.53788232107963860518e-41
2.088696 3.54653892308337386223e-41
2.095686 3.55492777436318753767e-41
2.102675 3.56305027737331687474e-41
2.109665 3.57090778105235604432e-41
2.116655 3.57850158264350155138e-41
2.123644 3.58583292943196501878e-41
2.130634 3.59290302040256620370e-41
2.137624 3.59971300782307773518e-41
2.144614 3.60626399875561307632e-41
2.151603 3.61255705650272371728e-41
2.158593 3.61859320198812505253e-41
2.165583 3.62437341507874396741e-41
2.172572 3.62989863584952879895e-41
2.179562 3.63516976579380053306e-41
2.186552 3.64018766898312312468e-41
2.193542 3.64495317317763911036e-41
2.200531 3.64946707089166457256e-41
2.207521 3.65373012041400664764e-41
2.214511 3.65774304678818966517e-41
2.221500 3.66150654275122776121e-41
2.228490 3.66502126963676117255e-41
2.235480 3.66828785824114103657e-41
2.242470 3.67130690965598941976e-41
2.249459 3.67407899606798804375e-41
2.256449 3.67660466152804396138e-41
2.263439 3.67888442269163734708e-41
2.270428 3.68091876952979726058e-41
2.277418 3.68270816601420610771e-41
2.284408 3.68425305077755994282e-41
2.291398 3.68555383774802280257e-41
2.298387 3.68661091676219749444e-41
2.305377 3.68742465415447580254e-41
2.312367 3.68799539332682399551e-41
2.319356 3.68832345529726780333e-41
2.326346 3.68840913923007748363e-41
2.333336 3.68825272294674606224e-41
2.340325 3.68785446342065329282e-41
2.347315 3.68721459725376922589e-41
2.354305 3.68633334113831440202e-41
2.361295 3.68521089230310852008e-41
2.368284 3.68384742894502101969e-41
2.375274 3.68224311064708863148e-41
2.382264 3.68039807878277583144e-41
2.389253 3.67831245690837555456e-41
2.396243 3.67598635114289712717e-41
2.403233 3.67341985053643142942e-41
2.410223 3.67061302742809647179e-41
2.417212 3.66756593779290932613e-41
2.424202 3.66427862157923256022e-41
2.431192 3.66075110303684003733e-41
2.438181 3.65698339103539714559e-41
2.445171 3.65297547937495058798e-41
2.452161 3.64872734708867498105e-41
2.459151 3.64423895873656355449e-41
2.466140 3.63951026469356928319e-41
2.473130 3.63454120142986671412e-41
2.480120 3.62933169178442433659e-41
2.487109 3.62388164523358050646e-41
2.494099 3.61819095815240635997e-41
2.501089 3.61225951407213315333e-41
2.508078 3.60608718393150852019e-41
2.515068 3.59967382632337804149e-41
2.522058 3.59301928773821011798e-41
2.529048 3.58612340280248726340e-41
2.536037 3.57898599451270709123e-41
2.543027 3.57160687446805733915e-41
2.550017 3.56398584309848239729e-41
2.557006 3.55612268989014226356e-41
2.563996 3.54801719360925087850e-41
2.570986 3.53966912252291180047e-41
2.577976 3.53107823461857693964e-41
2.584965 3.52224427782237814762e-41
2.591955 3.51316699021518616581e-41
2.598945 3.50384610024954284313e-41
2.605934 3.49428132696402860315e-41
2.612924 3.48447238019933413720e-41
2.619914 3.47441896081333138093e-41
2.626904 3.46412076089636370027e-41
2.633893 3.45357746398897796871e-41
2.640883 3.44278874529847138414e-41
2.647873 3.43175427191889057966e-41
2.654862 3.42047370305197027619e-41
2.661852 3.40894669023011466134e-41
2.668842 3.39717287754261185267e-41
2.675831 3.38515190186416688320e-41
2.682821 3.37288339308719693281e-41
2.689811 3.36036697435806417300e-41
2.696801 3.34760226231649683470e-41
2.703790 3.33458886734139436880e-41
2.710780 3.32132639379943288001e-41
2.717770 3.30781444030154425808e-41
2.724759 3.29405259996378204702e-41
2.731749 3.28004046067510413693e-41
2.738739 3.26577760537288131447e-41
2.745729 3.25126361232482814028e-41
2.752718 3.23649805542039449832e-41
2.759708 3.22148050446960822722e-41
2.766698 3.20621052551256113503e-41
2.773687 3.19068768113792899205e-41
2.780677 3.17491153081273900751e-41
2.787667 3.15888163122309319047e-41
2.794657 3.14259753662798259301e-41
2.801646 3.12605879922483180778e-41
2.808636 3.10926496952983041729e-41
2.815626 3.09221559677229435745e-41
2.822615 3.07491022930469973716e-41
2.829605 3.05734841502971507591e-41
2.836595 3.03952970184371197437e-41
2.843585 3.02145363810016878742e-41
2.850574 3.00311977309160208350e-41
2.857564 2.98452765755338234385e-41
2.864554 2.96567684418842145986e-41
2.871543 2.94656688821698571132e-41
2.878533 2.92719734795000442885e-41
2.885523 2.90756778538922365703e-41
2.892512 2.88767776685539925464e-41
2.899502 2.86752686364586813918e-41
2.906492 2.84711465272314531499e-41
2.913482 2.82644071743746624882e-41
2.920471 2.80550464828360544640e-41
2.927461 2.78430604369565241916e-41
2.934451 2.76284451088048984348e-41
2.941440 2.74111966669378866671e-41
2.948430 2.71913113855991239472e-41
2.955420 2.69687856543868682994e-41
2.962410 2.67436159884233614611e-41
2.969399 2.65157990390483805937e-41
2.976389 2.62853316050749602670e-41
2.983379 2.60522106446360623289e-41
2.990368 2.58164332876669327802e-41
2.997358 2.55779968490474728049e-41
3.004348 2.53368988424634536535e-41
3.011338 2.50931369950139969525e-41
3.018327 2.48467092626238391664e-41
3.025317 2.45976138463050734495e-41
3.032307 2.43458492093188788235e-41
3.039296 2.40914140952993596169e-41
3.046286 2.38343075474025459223e-41
3.053276 2.35745289285304430623e-41
3.060265 2.33120779427196439878e-41
3.067255 2.30469546577507904560e-41
3.074245 2.27791595290689092510e-41
3.081235 2.25086934250940231469e-41
3.088224 2.22355576540117289627e-41
3.095214 2.19597539921413877726e-41
3.102204 2.16812847139866813495e-41
3.109193 2.14001526240693533442e-41
3.116183 2.11163610906783847696e-41
3.123173 2.08299140816424701315e-41
3.130163 2.05408162022712167339e-41
3.137152 2.02490727356038777166e-41
3.144142 1.99546896851119691707e-41
3.151132 1.96576738200263494171e-41
3.158121 1.93580327234462063598e-41
3.165111 1.90557748434258777276e-41
3.172101 1.87509095472185091124e-41
3.179091 1.84434471788835039101e-41
3.186080 1.81333991204723686667e-41
3.193070 1.78207778570050975932e-41
3.200060 1.75055970454805563802e-41
3.207049 1.71878715881482390353e-41
3.214039 1.68676177102859233330e-41
3.221029 1.65448530427354763253e-41
3.228018 1.62195967094335586637e-41
3.235008 1.58918694201730078848e-41
3.241998 1.55616935688234596447e-41
3.248988 1.52290933371935636719e-41
3.255977 1.48940948047025202538e-41
3.262967 1.45567260639448383971e-41
3.269957 1.42170173421689391935e-41
3.276946 1.38750011285580675658e-41
3.283936 1.35307123070476393720e-41
3.290926 1.31841882941909310953e-41
3.297916 1.28354691812816564097e-41
3.304905 1.24845978795397398726e-41
3.311895 1.21316202666130584561e-41
3.318885 1.17765853319122751144e-41
3.325874 1.14195453172901658402e-41
3.332864 1.10605558482174308453e-41
3.339854 1.06996760487688022301e-41
3.346844 1.03369686312002940755e-41
3.353833 9.97249994743937316526e-42
3.360823 9.60633998502323733915e-42
3.367813 9.23856228332902010541e-42
3.374802 8.86924373657342771382e-42
3.381792 8.49846423672066346675e-42
3.388782 8.12630609031425579624e-42
3.395772 7.75285311543657127542e-42
3.402761 7.37818928397832572837e-42
3.409751 7.00239671292961446488e-42
3.416741 6.62555271464683664482e-42
3.423730 6.24772547001674312405e-42
3.430720 5.86896765581215597487e-42
3.437710 5.48930697694463137218e-42
3.444699 5.10873191262355279348e-42
3.451689 4.72716986485220098888e-42
3.458679 4.34445285893553733363e-42
3.465669 3.96026205164741476743e-42
3.472658 3.57403441693342407516e-42
3.479648 3.18479782025455796539e-42
3.486638 2.79085982017980344124e-42
3.493627 2.38916597307354800688e-42
3.500617 1.97379801164592950112e-42
3.507607 1.53169536958392420647e-42
3.514597 1.02516587933580752690e-42
3.521586 0.00000000000000000000e+00
