0.000000 0.00000000000000000000e+00
0.108331 1.41512704820397659081e-43
0.216662 2.80980122111001621636e-43
0.324992 4.16625296660484986078e-43
0.433323 5.46726763672206322368e-43
0.541654 6.69640939310134779916e-43
0.649985 7.83824577132582209742e-43
0.758315 8.87857123406223195352e-43
0.866646 9.80462563947203890086e-43
0.974977 1.06053012070055710239e-42
1.083308 1.12713296234920228916e-42
1.191639 1.17954397086051593783e-42
1.299969 1.21724757876524041656e-42
1.408300 1.23994677363011011235e-42
1.516631 1.24756455805215586230e-42
1.624962 1.24023944436200431668e-42
1.733292 1.21831493005667687370e-42
1.841623 1.18232331009690785573e-42
1.949954 1.13296459646623735730e-42
2.058285 1.07108169221360203319e-42
2.166616 9.97633266903524609885e-43
2.274946 9.13665969433193828114e-43
2.383277 8.20287668833003474915e-43
2.491608 7.18643322799457614815e-43
2.599939 6.09894840242634190366e-43
2.708270 4.95205945112494004669e-43
2.816600 3.75732594013666791964e-43
2.924931 2.52618989493261191534e-43
3.033262 1.26998710561475258071e-43
3.141593 -2.43060966578021868045e-55
