1.570796 0.00000000000000000000e+00
1.577375 1.54096058005801167949e-45
1.583954 3.08159789770284081429e-45
1.590532 4.62183306572164656573e-45
1.597111 6.16158724568877580290e-45
1.603691 7.70078165147106968251e-45
1.610270 9.23933755272116603233e-45
1.616850 1.07771762783570603834e-44
1.623431 1.23142192200256906551e-44
1.630012 1.38503878355490774840e-44
1.636593 1.53856036523503517667e-44
1.643176 1.69197882708580140963e-44
1.649759 1.84528633678867608114e-44
1.656343 1.99847506999914079510e-44
1.662928 2.15153721067944221561e-44
1.669513 2.30446495142845991843e-44
1.676100 2.45725049380777397136e-44
1.682688 2.60988604866535407828e-44
1.689277 2.76236383645474525143e-44
1.695868 2.91467608755112554730e-44
1.702459 3.06681504256277196403e-44
1.709052 3.21877295263906484878e-44
1.715647 3.37054207977323012338e-44
1.722243 3.52211469710136164037e-44
1.728841 3.67348308919611464655e-44
1.735440 3.82463955235498173848e-44
1.742041 3.97557639488474141449e-44
1.748644 4.12628593737890996631e-44
1.755249 4.27676051299034738412e-44
1.761856 4.42699246769830785148e-44
1.768464 4.57697416056828747344e-44
1.775075 4.72669796400677709756e-44
1.781688 4.87615626400929328275e-44
1.788304 5.02534146040065688462e-44
1.794922 5.17424596706991038870e-44
1.801542 5.32286221219697904482e-44
1.808164 5.47118263847194503345e-44
1.814790 5.61919970330805978511e-44
1.821417 5.76690587904455852024e-44
1.828048 5.91429365314389896736e-44
1.834682 6.06135552837911594154e-44
1.841318 6.20808402301283011275e-44
1.847957 6.35447167096848845967e-44
1.854599 6.50051102199093200338e-44
1.861245 6.64619464179964627088e-44
1.867894 6.79151511223086509347e-44
1.874546 6.93646503137060174688e-44
1.881201 7.08103701367805682041e-44
1.887860 7.22522369009777288318e-44
1.894522 7.36901770816273341854e-44
1.901188 7.51241173208413156190e-44
1.907858 7.65539844283406252339e-44
1.914531 7.79797053821237669424e-44
1.921209 7.94012073290544382901e-44
1.927890 8.08184175853073970540e-44
1.934576 8.22312636367120911679e-44
1.941266 8.36396731389514467227e-44
1.947960 8.50435739176466403692e-44
1.954658 8.64428939683047961198e-44
1.961361 8.78375614561362079219e-44
1.968068 8.92275047157291696852e-44
1.974780 9.06126522505923994578e-44
1.981497 9.19929327325413306374e-44
1.988218 9.33682750009550441203e-44
1.994945 9.47386080618564767725e-44
2.001676 9.61038610868740341656e-44
2.008413 9.74639634120004923230e-44
2.015155 9.88188445362385310636e-44
2.021902 1.00168434120037492651e-43
2.028654 1.01512661983585985535e-43
2.035413 1.02851458104930183933e-43
2.042176 1.04184752617902210928e-43
2.048946 1.05512475809872345531e-43
2.055722 1.06834558119316231930e-43
2.062503 1.08150930133198425169e-43
2.069291 1.09461522584139097092e-43
2.076085 1.10766266347406876228e-43
2.082885 1.12065092437682700622e-43
2.089691 1.13357932005636342975e-43
2.096505 1.14644716334268412732e-43
2.103324 1.15925376835038425857e-43
2.110151 1.17199845043776652187e-43
2.116985 1.18468052616351204148e-43
2.123826 1.19729931324098391995e-43
2.130673 1.20985413049018058183e-43
2.137529 1.22234429778726662190e-43
2.144391 1.23476913601117933408e-43
2.151262 1.24712796698805509405e-43
2.158140 1.25942011343271987268e-43
2.165025 1.27164489888753083578e-43
2.171919 1.28380164765817175309e-43
2.178821 1.29588968474685047252e-43
2.185732 1.30790833578230642707e-43
2.192650 1.31985692694671997623e-43
2.199578 1.33173478489969464007e-43
2.206514 1.34354123669875285180e-43
2.213458 1.35527560971673254903e-43
2.220412 1.36693723155559871091e-43
2.227375 1.37852542995682576487e-43
2.234348 1.39003953270821664510e-43
2.241330 1.40147886754701532347e-43
2.248322 1.41284276205903760640e-43
2.255323 1.42413054357423201197e-43
2.262335 1.43534153905785745359e-43
2.269356 1.44647507499777059343e-43
2.276388 1.45753047728731984646e-43
2.283431 1.46850707110393544769e-43
2.290484 1.47940418078316586522e-43
2.297549 1.49022112968810061914e-43
2.304624 1.50095724007390051612e-43
2.311711 1.51161183294762408082e-43
2.318809 1.52218422792280375396e-43
2.325919 1.53267374306877783084e-43
2.333040 1.54307969475479367310e-43
2.340174 1.55340139748853290827e-43
2.347320 1.56363816374859761620e-43
2.354479 1.57378930381162460957e-43
2.361650 1.58385412557295884371e-43
2.368835 1.59383193436113149124e-43
2.376032 1.60372203274587982114e-43
2.383243 1.61352372033948405734e-43
2.390468 1.62323629359126429709e-43
2.397706 1.63285904557489278402e-43
2.404958 1.64239126576837019208e-43
2.412225 1.65183223982650083618e-43
2.419507 1.66118124934547470986e-43
2.426803 1.67043757161931579302e-43
2.434115 1.67960047938804110424e-43
2.441442 1.68866924057726923048e-43
2.448784 1.69764311802876456206e-43
2.456143 1.70652136922171690172e-43
2.463518 1.71530324598499780100e-43
2.470909 1.72398799419849844214e-43
2.478317 1.73257485348555735687e-43
2.485742 1.74106305689400649921e-43
2.493185 1.74945183056636716752e-43
2.500645 1.75774039339935229711e-43
2.508124 1.76592795669105116532e-43
2.515621 1.77401372377627204703e-43
2.523136 1.78199688964953064148e-43
2.530671 1.78987664057497295501e-43
2.538225 1.79765215368291103412e-43
2.545798 1.80532259655262206442e-43
2.553392 1.81288712678041714439e-43
2.561006 1.82034489153346502945e-43
2.568641 1.82769502708757921555e-43
2.576298 1.83493665834959982393e-43
2.583975 1.84206889836275210399e-43
2.591675 1.84909084779530335883e-43
2.599398 1.85600159441138162241e-43
2.607143 1.86280021252308864976e-43
2.614911 1.86948576242398607825e-43
2.622703 1.87605728980282366479e-43
2.630520 1.88251382513626499574e-43
2.638360 1.88885438306113439858e-43
2.646226 1.89507796172410248601e-43
2.654118 1.90118354210882347532e-43
2.662035 1.90717008733949634064e-43
2.669979 1.91303654195966812201e-43
2.677950 1.91878183118577238989e-43
2.685949 1.92440486013429009029e-43
2.693976 1.92990451302164382537e-43
2.702031 1.93527965233559849031e-43
2.710115 1.94052911797734503636e-43
2.718230 1.94565172637325694137e-43
2.726374 1.95064626955442321033e-43
2.734550 1.95551151420457801677e-43
2.742757 1.96024620067279871828e-43
2.750996 1.96484904195155173340e-43
2.759269 1.96931872261839720399e-43
2.767574 1.97365389773930253231e-43
2.775914 1.97785319173298132264e-43
2.784289 1.98191519719449616626e-43
2.792699 1.98583847367668591118e-43
2.801146 1.98962154642762917091e-43
2.809629 1.99326290508308227656e-43
2.818150 1.99676100231186127660e-43
2.826710 2.00011425241240562642e-43
2.835310 2.00332102985925546640e-43
2.843949 2.00637966779721494788e-43
2.852630 2.00928845648147310215e-43
2.861352 2.01204564166183466428e-43
2.870117 2.01464942290939806192e-43
2.878926 2.01709795188302528336e-43
2.887779 2.01938933053408381491e-43
2.896678 2.02152160924785879387e-43
2.905624 2.02349278491765344382e-43
2.914617 2.02530079895228711632e-43
2.923658 2.02694353521192570341e-43
2.932750 2.02841881787186287528e-43
2.941891 2.02972440921192981351e-43
2.951085 2.03085800732768134345e-43
2.960332 2.03181724376326327873e-43
2.969633 2.03259968106205869909e-43
2.978989 2.03320281023385382240e-43
2.988401 2.03362404813509911987e-43
2.997872 2.03386073476177579868e-43
3.007401 2.03391013045084230695e-43
3.016991 2.03376941298950852354e-43
3.026643 2.03343567462963176590e-43
3.036358 2.03290591900532649029e-43
3.046138 2.03217705795248413685e-43
3.055984 2.03124590822781507470e-43
3.065897 2.03010918812651294849e-43
3.075880 2.02876351399709211098e-43
3.085933 2.02720539665215632653e-43
3.096059 2.02543123767499161011e-43
3.106259 2.02343732562087162179e-43
3.116536 2.02121983211370807445e-43
3.126889 2.01877480783798601526e-43
3.137323 2.01609817842766867572e-43
0.006245 2.06553916246770305674e-43
0.016843 2.06827461586717544123e-43
0.027526 2.07079770192724538706e-43
0.038297 2.07310185828171126335e-43
0.049157 2.07518026410025561110e-43
0.060109 2.07702582918401458183e-43
0.071155 2.07863118265826279563e-43
0.082296 2.07998866125812534655e-43
0.093537 2.08109029720534789361e-43
0.104878 2.08192780567565686680e-43
0.116322 2.08249257185870752525e-43
0.127872 2.08277563761630401957e-43
0.139530 2.08276768774661118339e-43
0.151299 2.08245903586652449713e-43
0.163182 2.08183960992916783902e-43
0.175182 2.08089893739687595002e-43
0.187300 2.07962613009764028932e-43
0.199541 2.07800986879745641986e-43
0.211908 2.07603838753016656190e-43
0.224402 2.07369945773248014909e-43
0.237028 2.07098037224303235349e-43
0.249789 2.06786792923304958186e-43
0.262687 2.06434841614878035390e-43
0.275727 2.06040759375765916559e-43
0.288911 2.05603068040557972349e-43
0.302244 2.05120233660750832386e-43
0.315728 2.04590665011121167591e-43
0.329367 2.04012712159359236294e-43
0.343166 2.03384665116922915754e-43
0.357128 2.02704752591521638200e-43
0.371256 2.01971140863934817997e-43
0.385555 2.01181932814720831755e-43
0.400028 2.00335167129343689783e-43
0.414680 1.99428817713185743426e-43
0.429514 1.98460793351464978102e-43
0.444536 1.97428937652539261829e-43
0.459748 1.96331029316811258854e-43
0.475155 1.95164782777404360919e-43
0.490761 1.93927849262887696549e-43
0.506571 1.92617818336216259346e-43
0.522588 1.91232219968667861508e-43
0.538818 1.89768527211349420792e-43
0.555263 1.88224159531090201172e-43
0.571929 1.86596486881445211740e-43
0.588820 1.84882834582869296813e-43
0.605939 1.83080489089447790611e-43
0.623291 1.81186704721791176549e-43
0.640879 1.79198711447368680473e-43
0.658708 1.77113723790173309179e-43
0.676781 1.74928950950777738132e-43
0.695101 1.72641608215639814872e-43
0.713673 1.70248929730319224914e-43
0.732500 1.67748182705041462034e-43
0.751583 1.65136683112219017785e-43
0.770927 1.62411812924065958463e-43
0.790533 1.59571038923645181096e-43
0.810404 1.56611933104646790161e-43
0.830541 1.53532194653445373655e-43
0.850946 1.50329673481082254123e-43
0.871621 1.47002395243298876774e-43
0.892564 1.43548587752806096178e-43
0.913777 1.39966708650088923752e-43
0.935259 1.36255474157727687231e-43
0.957010 1.32413888698199659078e-43
0.979026 1.28441275107751317119e-43
1.001308 1.24337305129671784088e-43
1.023851 1.20102029820448892306e-43
1.046651 1.15735909453163721924e-43
1.069706 1.11239842455696744056e-43
1.093009 1.06615192878824028775e-43
1.116556 1.01863815853034059018e-43
1.140339 9.69880804650020062106e-44
1.164351 9.19908894675727113406e-44
1.188584 8.68756952326521679848e-44
1.213030 8.16465113670053775415e-44
1.237678 7.63079194378436054494e-44
1.262518 7.08650703001145026825e-44
1.287539 6.53236795806175550512e-44
1.312728 5.96900169563015623404e-44
1.338074 5.39708889637873111404e-44
1.363562 4.81736151933743813506e-44
1.389178 4.23059978506243778740e-44
1.414908 3.63762848088935580482e-44
1.440737 3.03931264228032501626e-44
1.466648 2.43655265207776719814e-44
1.492626 1.83027881393012261378e-44
1.518655 1.22144546971390012174e-44
1.544717 6.11024742895631098441e-45
1.570796 1.20270689671506434273e-55
