0.211317 0.00000000000000000000e+00
0.213215 1.36606710840980070989e-43
0.215113 1.95196084642399208923e-43
0.217010 2.41517194944183057211e-43
0.218908 2.81706586586917008431e-43
0.220806 3.18112551257442061467e-43
0.222704 3.51925213049414841100e-43
0.224602 3.83843153532143483126e-43
0.226500 4.14316036511493541777e-43
0.228398 4.43652345493665504876e-43
0.230296 4.72073847585915878744e-43
0.232193 4.99745788625076492683e-43
0.234091 5.26794837641009106537e-43
0.235989 5.53320346439928484892e-43
0.237887 5.79401730624236010767e-43
0.239785 6.05103485618132031435e-43
0.241683 6.30478700054500712132e-43
0.243581 6.55571580773857185285e-43
0.245479 6.80419308156005287716e-43
0.247376 7.05053425960750165013e-43
0.249274 7.29500900281806096084e-43
0.251172 7.53784938610020292139e-43
0.253070 7.77925631904446283831e-43
0.254968 8.01940464014884577751e-43
0.256866 8.25844720278802480290e-43
0.258764 8.49651818496752145730e-43
0.260662 8.73373579453392949857e-43
0.262559 8.97020449853273797111e-43
0.264457 9.20601687435355074154e-43
0.266355 9.44125515757394654431e-43
0.268253 9.67599254455865527118e-43
0.270151 9.91029429523710433093e-43
0.272049 1.01442186719129359109e-42
0.273947 1.03778177426296719896e-42
0.275845 1.06111380719650160370e-42
0.277742 1.08442213177232100760e-42
0.279640 1.10771047485327918896e-42
0.281538 1.13098216946300344626e-42
0.283436 1.15424019419278035965e-42
0.285334 1.17748720777255163399e-42
0.287232 1.20072557950075657261e-42
0.289130 1.22395741611395696320e-42
0.291028 1.24718458558325687417e-42
0.292925 1.27040873824912037668e-42
0.294823 1.29363132564226611995e-42
0.296721 1.31685361728697727366e-42
0.298619 1.34007671573905502616e-42
0.300517 1.36330157007506881001e-42
0.302415 1.38652898801861316524e-42
0.304313 1.40975964686411953827e-42
0.306211 1.43299410333671352318e-42
0.308108 1.45623280250862538993e-42
0.310006 1.47947608587682943728e-42
0.311904 1.50272419869303702770e-42
0.313802 1.52597729662654415037e-42
0.315700 1.54923545182930517728e-42
0.317598 1.57249865846562307112e-42
0.319496 1.59576683776010930947e-42
0.321394 1.61903984261224761510e-42
0.323291 1.64231746182033409873e-42
0.325189 1.66559942395164234860e-42
0.327087 1.68888540089312611773e-42
0.328985 1.71217501111206617378e-42
0.330883 1.73546782265349694491e-42
0.332781 1.75876335589788175420e-42
0.334679 1.78206108610067369858e-42
0.336577 1.80536044573289998523e-42
0.338474 1.82866082663945449576e-42
0.340372 1.85196158203117638030e-42
0.342270 1.87526202832423780152e-42
0.344168 1.89856144683958174043e-42
0.346066 1.92185908537360547668e-42
0.347964 1.94515415965047542817e-42
0.349862 1.96844585466563381314e-42
0.351760 1.99173332592822490492e-42
0.353657 2.01501570061129337260e-42
0.355555 2.03829207861529739284e-42
0.357453 2.06156153355255692881e-42
0.359351 2.08482311365771913938e-42
0.361249 2.10807584263007195357e-42
0.363147 2.13131872041147602162e-42
0.365045 2.15455072390605864226e-42
0.366943 2.17777080764386144215e-42
0.368840 2.20097790439365567854e-42
0.370738 2.22417092572725203530e-42
0.372636 2.24734876253928158835e-42
0.374534 2.27051028552428987333e-42
0.376432 2.29365434561522396381e-42
0.378330 2.31677977438392239587e-42
0.380228 2.33988538440779330977e-42
0.382126 2.36296996960268718143e-42
0.384023 2.38603230552599880804e-42
0.385921 2.40907114964962799471e-42
0.387819 2.43208524160611416649e-42
0.389717 2.45507330340850185054e-42
0.391615 2.47803403964519875744e-42
0.393513 2.50096613765215333149e-42
0.395411 2.52386826766180661407e-42
0.397309 2.54673908293167961314e-42
0.399206 2.56957721985212685387e-42
0.401104 2.59238129803547210144e-42
0.403002 2.61514992038551814729e-42
0.404900 2.63788167315075034382e-42
0.406798 2.66057512595965417757e-42
0.408696 2.68322883183955613008e-42
0.410594 2.70584132722061341718e-42
0.412492 2.72841113192368769206e-42
0.414389 2.75093674913400709389e-42
0.416287 2.77341666536048983208e-42
0.418185 2.79584935038126808974e-42
0.420083 2.81823325717576973626e-42
0.421981 2.84056682184357865145e-42
0.423879 2.86284846351076824938e-42
0.425777 2.88507658422367952631e-42
0.427675 2.90724956883022806640e-42
0.429572 2.92936578484935175274e-42
0.431470 2.95142358232870942545e-42
0.433368 2.97342129369057855217e-42
0.435266 2.99535723356616920866e-42
0.437164 3.01722969861872141785e-42
0.439062 3.03903696735511565898e-42
0.440960 3.06077729992644452428e-42
0.442858 3.08244893791712685858e-42
0.444755 3.10405010412313470888e-42
0.446653 3.12557900231890740958e-42
0.448551 3.14703381701328480377e-42
0.450449 3.16841271319409828745e-42
0.452347 3.18971383606171280534e-42
0.454245 3.21093531075110559466e-42
0.456143 3.23207524204283088246e-42
0.458041 3.25313171406248755724e-42
0.459938 3.27410278996846550748e-42
0.461836 3.29498651162813312263e-42
0.463734 3.31578089928220341472e-42
0.465632 3.33648395119709332499e-42
0.467530 3.35709364330506656441e-42
0.469428 3.37760792883192038724e-42
0.471326 3.39802473791254511168e-42
0.473224 3.41834197719265687721e-42
0.475121 3.43855752941867652365e-42
0.477019 3.45866925301335730723e-42
0.478917 3.47867498163804084035e-42
0.480815 3.49857252374124239109e-42
0.482713 3.51835966209231337214e-42
0.484611 3.53803415330127005678e-42
0.486509 3.55759372732287553726e-42
0.488407 3.57703608694607798222e-42
0.490304 3.59635890726697122597e-42
0.492202 3.61555983514586203552e-42
0.494100 3.63463648864777623145e-42
0.495998 3.65358645646556378431e-42
0.497896 3.67240729732546906716e-42
0.499794 3.69109653937431045488e-42
0.501692 3.70965167954807873685e-42
0.503590 3.72807018292145220011e-42
0.505487 3.74634948203681690380e-42
0.507385 3.76448697621269082404e-42
0.509283 3.78248003083158373129e-42
0.511181 3.80032597660514276316e-42
0.513079 3.81802210881661682908e-42
0.514977 3.83556568654028872938e-42
0.516875 3.85295393183599960095e-42
0.518773 3.87018402891894475301e-42
0.520670 3.88725312330277629204e-42
0.522568 3.90415832091620052074e-42
0.524466 3.92089668719136486547e-42
0.526364 3.93746524612298798931e-42
0.528262 3.95386097929740786915e-42
0.530160 3.97008082489022174724e-42
0.532058 3.98612167663160224777e-42
0.533956 4.00198038273753407133e-42
0.535853 4.01765374480581531966e-42
0.537751 4.03313851667611356911e-42
0.539649 4.04843140325116770672e-42
0.541547 4.06352905927906224695e-42
0.543445 4.07842808809413096308e-42
0.545343 4.09312504031469983542e-42
0.547241 4.10761641249670199077e-42
0.549139 4.12189864574026393141e-42
0.551036 4.13596812424770692147e-42
0.552934 4.14982117383131882261e-42
0.554832 4.16345406036750755383e-42
0.556730 4.17686298819673972184e-42
0.558628 4.19004409846478082412e-42
0.560526 4.20299346740456091646e-42
0.562424 4.21570710455417832362e-42
0.564322 4.22818095090993706194e-42
0.566219 4.24041087700988849484e-42
0.568117 4.25239268094521038538e-42
0.570015 4.26412208629625627927e-42
0.571913 4.27559473998955375543e-42
0.573811 4.28680621007131382749e-42
0.575709 4.29775198339431119325e-42
0.577607 4.30842746321381168081e-42
0.579505 4.31882796668649123033e-42
0.581402 4.32894872227025117691e-42
0.583300 4.33878486701714598760e-42
0.585198 4.34833144375534258820e-42
0.587096 4.35758339815478334336e-42
0.588994 4.36653557566919770312e-42
0.590892 4.37518271834850307784e-42
0.592790 4.38351946151549212486e-42
0.594688 4.39154033029762322797e-42
0.596585 4.39923973600776101147e-42
0.598483 4.40661197236536869935e-42
0.600381 4.41365121154681651471e-42
0.602279 4.42035150005951577994e-42
0.604177 4.42670675442529173074e-42
0.606075 4.43271075666535457526e-42
0.607973 4.43835714957312615027e-42
0.609871 4.44363943176383170573e-42
0.611768 4.44855095248645335517e-42
0.613666 4.45308490618442807938e-42
0.615564 4.45723432678871266150e-42
0.617462 4.46099208172852151079e-42
0.619360 4.46435086563924511528e-42
0.621258 4.46730319375093890983e-42
0.623156 4.46984139493543803702e-42
0.625054 4.47195760439013308706e-42
0.626951 4.47364375593363869788e-42
0.628849 4.47489157389048904878e-42
0.630747 4.47569256453168888786e-42
0.632645 4.47603800704630736791e-42
0.634543 4.47591894400730789555e-42
0.636441 4.47532617129842797707e-42
0.638339 4.47425022746230470398e-42
0.640237 4.47268138242827828672e-42
0.642134 4.47060962557456546547e-42
0.644032 4.46802465307489186557e-42
0.645930 4.46491585447496063674e-42
0.647828 4.46127229844119514178e-42
0.649726 4.45708271761509690591e-42
0.651624 4.45233549250439088365e-42
0.653522 4.44701863433296217521e-42
0.655420 4.44111976676364198139e-42
0.657317 4.43462610640215589717e-42
0.659215 4.42752444197870268656e-42
0.661113 4.41980111209403362171e-42
0.663011 4.41144198140512378441e-42
0.664909 4.40243241511258572440e-42
0.666807 4.39275725159719324998e-42
0.668705 4.38240077303614928931e-42
0.670603 4.37134667380955365847e-42
0.672500 4.35957802649004907975e-42
0.674398 4.34707724517954922876e-42
0.676296 4.33382604593379476814e-42
0.678194 4.31980540398270259145e-42
0.680092 4.30499550741740480153e-42
0.681990 4.28937570697842527882e-42
0.683888 4.27292446152810016634e-42
0.685786 4.25561927874080535142e-42
0.687683 4.23743665047976361328e-42
0.689581 4.21835198226152318899e-42
0.691479 4.19833951612275133359e-42
0.693377 4.17737224611078993593e-42
0.695275 4.15542182550685428941e-42
0.697173 4.13245846475908515832e-42
0.699071 4.10845081894997725398e-42
0.700969 4.08336586344069266051e-42
0.702866 4.05716875612146548814e-42
0.704764 4.02982268444203208159e-42
0.706662 4.00128869509333109941e-42
0.708560 3.97152550384939132814e-42
0.710458 3.94048928264033697302e-42
0.712356 3.90813342040078309864e-42
0.714254 3.87440825359731227251e-42
0.716152 3.83926076155586471726e-42
0.718049 3.80263422075054172990e-42
0.719947 3.76446781102843997659e-42
0.721845 3.72469616527203022013e-42
0.723743 3.68324885215932516991e-42
0.725641 3.64004977935653591425e-42
0.727539 3.59501650153796213296e-42
0.729437 3.54805941385426050861e-42
0.731335 3.49908080661328213457e-42
0.733232 3.44797375060862716389e-42
0.735130 3.39462077421030893107e-42
0.737028 3.33889228228289955889e-42
0.738926 3.28064465214177476128e-42
0.740824 3.21971792155244031818e-42
0.742722 3.15593295591899108100e-42
0.744620 3.08908794281889412690e-42
0.746518 3.01895400661167658433e-42
0.748415 2.94526965561636749223e-42
0.750313 2.86773365593572597393e-42
0.752211 2.78599574736045584203e-42
0.754109 2.69964434061729277744e-42
0.756007 2.60818989631671584476e-42
0.757905 2.51104196613922147536e-42
0.759803 2.40747665281554610473e-42
0.761701 2.29658907484084056865e-42
0.763598 2.17722137702770279776e-42
0.765496 2.04784882987489197516e-42
0.767394 1.90638955537845458077e-42
0.769292 1.74986381248972752620e-42
0.771190 1.57372493290745666732e-42
0.773088 1.37036372722643146825e-42
0.774986 1.12503048807574923772e-42
0.776884 7.99876942667333712226e-43
0.778781 0.00000000000000000000e+00
