0.000000 0.00000000000000000000e+00
0.103571 1.86213969039168343225e-43
0.207411 3.69921669714117498877e-43
0.311806 5.48554242639796426121e-43
0.417068 7.19474406487592491910e-43
0.523556 8.79932372963831066201e-43
0.631701 1.02700693739942342562e-42
0.742034 1.15752227027475609400e-42
0.855238 1.26792566335534571928e-42
0.972209 1.35410290791623794723e-42
1.094163 1.41109479989061015034e-42
1.222790 1.43266088179956121038e-42
1.360514 1.41062569340720159276e-42
1.510895 1.33399536035972605677e-42
-1.462316 1.36204878368931421118e-42
-1.267847 1.42819965696521766916e-42
-1.035413 1.38597270328927192645e-42
-0.749827 1.16464080580763214341e-42
-0.400089 6.92233530809350680303e-43
0.000000 9.25491015058045907197e-55
