0.727571 nan
0.818405 4.28862947010717089715e-45
0.909239 1.18848757108116907368e-43
1.000073 4.32339051299570231580e-43
1.090907 9.88888712291725308062e-43
1.181741 1.81947387821417848200e-42
1.272575 2.94522035760596382025e-42
1.363409 4.38001768763091353894e-42
1.454243 6.13249321368375541231e-42
1.545077 8.20747332253447122862e-42
1.635910 1.06070558594965081505e-41
1.726744 1.33313946765523101918e-41
1.817578 1.63792731717259717376e-41
1.908412 1.97485236716786107310e-41
1.999246 2.34363341805770832226e-41
2.090080 2.74394726817600033281e-41
2.180914 3.17544509285374564126e-41
2.271748 3.63776436955422837271e-41
2.362582 4.13053751559612735804e-41
2.453416 4.65339809370666121133e-41
2.544250 5.20598521495515051750e-41
2.635084 5.78794660430516058635e-41
2.725918 6.39894067396030794655e-41
2.816751 7.03863786142326127766e-41
2.907585 7.70672142416325859868e-41
2.998419 8.40288783452520393374e-41
3.089253 9.12684688264998819172e-41
3.180087 9.87832156836604858222e-41
3.270921 1.06570478428779104374e-40
3.361755 1.14627742460089224759e-40
