0.177506 0.00000000000000000000e+00
0.177711 5.80750880570733621526e-44
0.177916 8.20845864578298840347e-44
0.178121 1.00475687859039990416e-43
0.178325 1.15952759606316134264e-43
0.178530 1.29563837043751853661e-43
0.178735 1.41846651123200869803e-43
0.178940 1.53120763330051380197e-43
0.179145 1.63594458064412456109e-43
0.179350 1.73412454514326465609e-43
0.179554 1.82680149804229053193e-43
0.179759 1.91477128061132137739e-43
0.179964 1.99865229468337581501e-43
0.180169 2.07893639098729579350e-43
0.180374 2.15602239802575146765e-43
0.180579 2.23023902410573953691e-43
0.180783 2.30186098079060361728e-43
0.180988 2.37112063001205257089e-43
0.181193 2.43821658630870526237e-43
0.181398 2.50332019416241176075e-43
0.181603 2.56658048888016990155e-43
0.181808 2.62812805368085983981e-43
0.182012 2.68807805914291023082e-43
0.182217 2.74653268741497124111e-43
0.182422 2.80358308690511662553e-43
0.182627 2.85931096405311080280e-43
0.182832 2.91378989130534236899e-43
0.183037 2.96708639080190641008e-43
0.183241 3.01926083907324307729e-43
0.183446 3.07036822761212466927e-43
0.183651 3.12045880643339192354e-43
0.183856 3.16957863190337712657e-43
0.184061 3.21777003569166307685e-43
0.184266 3.26507202829870965189e-43
0.184470 3.31152064798423944397e-43
0.184675 3.35714926386202898755e-43
0.184880 3.40198884031419459807e-43
0.185085 3.44606816859161782063e-43
0.185290 3.48941407044606601424e-43
0.185495 3.53205157781331563809e-43
0.185699 3.57400409190390656745e-43
0.185904 3.61529352451288262233e-43
0.186109 3.65594042391999293673e-43
0.186314 3.69596408738392731874e-43
0.186519 3.73538266193618962893e-43
0.186724 3.77421323492692513186e-43
0.186928 3.81247191556821333685e-43
0.187133 3.85017390854496431260e-43
0.187338 3.88733358061516711769e-43
0.187543 3.92396452099946144998e-43
0.187748 3.96007959625229626725e-43
0.187953 3.99569100021765509142e-43
0.188157 4.03081029959830708311e-43
0.188362 4.06544847559728682303e-43
0.188567 4.09961596203939609533e-43
0.188772 4.13332268032780794635e-43
0.188977 4.16657807155020395869e-43
0.189182 4.19939112601417017367e-43
0.189386 4.23177041045792302828e-43
0.189591 4.26372409315447153747e-43
0.189796 4.29525996710675115337e-43
0.190001 4.32638547150486003095e-43
0.190206 4.35710771160462484713e-43
0.190411 4.38743347716357569466e-43
0.190615 4.41736925956081597275e-43
0.190820 4.44692126771510436376e-43
0.191025 4.47609544289730234795e-43
0.191230 4.50489747253509470232e-43
0.191435 4.53333280308670469700e-43
0.191640 4.56140665206206854502e-43
0.191844 4.58912401925631750477e-43
0.192049 4.61648969726017866391e-43
0.192254 4.64350828129937735841e-43
0.192459 4.67018417845645281940e-43
0.192664 4.69652161632002933182e-43
0.192869 4.72252465110515538915e-43
0.193073 4.74819717528028060380e-43
0.193278 4.77354292474018469539e-43
0.193483 4.79856548555299654272e-43
0.193688 4.82326830031510154096e-43
0.193893 4.84765467413695584907e-43
0.194098 4.87172778028817571502e-43
0.194302 4.89549066552325090364e-43
0.194507 4.91894625510830566534e-43
0.194712 4.94209735757095962040e-43
0.194917 4.96494666918820786478e-43
0.195122 4.98749677823211127805e-43
0.195327 5.00975016898532487749e-43
0.195531 5.03170922554325142434e-43
0.195736 5.05337623541470395132e-43
0.195941 5.07475339293439545978e-43
0.196146 5.09584280249685097907e-43
0.196351 5.11664648162364716401e-43
0.196556 5.13716636387353479567e-43
0.196760 5.15740430160358169904e-43
0.196965 5.17736206859165612690e-43
0.197170 5.19704136252569340845e-43
0.197375 5.21644380736901048873e-43
0.197580 5.23557095560779379717e-43
0.197785 5.25442429038701333106e-43
0.197989 5.27300522754043197149e-43
0.198194 5.29131511752163201616e-43
0.198399 5.30935524723923396114e-43
0.198604 5.32712684180290850802e-43
0.198809 5.34463106618408009232e-43
0.199014 5.36186902679441014176e-43
0.199218 5.37884177298895018700e-43
0.199423 5.39555029849421892304e-43
0.199628 5.41199554276712235406e-43
0.199833 5.42817839228755352219e-43
0.200038 5.44409968178640510383e-43
0.200243 5.45976019541414534000e-43
0.200447 5.47516066785019546777e-43
0.200652 5.49030178535764418544e-43
0.200857 5.50518418678478948909e-43
0.201062 5.51980846451577723978e-43
0.201267 5.53417516537176148219e-43
0.201472 5.54828479146683927353e-43
0.201676 5.56213780101767034791e-43
0.201881 5.57573460911036288667e-43
0.202086 5.58907558842627504146e-43
0.202291 5.60216106992773267173e-43
0.202496 5.61499134350326183751e-43
0.202701 5.62756665857880001780e-43
0.202905 5.63988722469019519563e-43
0.203110 5.65195321202222930274e-43
0.203315 5.66376475191401308705e-43
0.203520 5.67532193733034536810e-43
0.203725 5.68662482330319544672e-43
0.203930 5.69767342734072308086e-43
0.204134 5.70846772980758059004e-43
0.204339 5.71900767427538033110e-43
0.204544 5.72929316784412807380e-43
0.204749 5.73932408143717600274e-43
0.204954 5.74910025006733995907e-43
0.205159 5.75862147307812462118e-43
0.205363 5.76788751435674299299e-43
0.205568 5.77689810252320924493e-43
0.205773 5.78565293109344663271e-43
0.205978 5.79415165861717278840e-43
0.206183 5.80239390879179543699e-43
0.206388 5.81037927055151800969e-43
0.206592 5.81810729813295352395e-43
0.206797 5.82557751111666365851e-43
0.207002 5.83278939444469630564e-43
0.207207 5.83974239841570354105e-43
0.207412 5.84643593865470234975e-43
0.207617 5.85286939606241828599e-43
0.207821 5.85904211673775446925e-43
0.208026 5.86495341188048075102e-43
0.208231 5.87060255766777387093e-43
0.208436 5.87598879510887490251e-43
0.208641 5.88111132987516130783e-43
0.208846 5.88596933210767514870e-43
0.209050 5.89056193619939840135e-43
0.209255 5.89488824055453198934e-43
0.209460 5.89894730732191176592e-43
0.209665 5.90273816210544414551e-43
0.209870 5.90625979364768778143e-43
0.210075 5.90951115348963206079e-43
0.210279 5.91249115560225875545e-43
0.210484 5.91519867599475133530e-43
0.210689 5.91763255229281787713e-43
0.210894 5.91979158329098444488e-43
0.211099 5.92167452847741400676e-43
0.211304 5.92328010752824153863e-43
0.211508 5.92460699977346765751e-43
0.211713 5.92565384363284636895e-43
0.211918 5.92641923602002408569e-43
0.212123 5.92690173171533376640e-43
0.212328 5.92709984270511580381e-43
0.212533 5.92701203748798305211e-43
0.212737 5.92663674034570487621e-43
0.212942 5.92597233057723661265e-43
0.213147 5.92501714169789456916e-43
0.213352 5.92376946059706921417e-43
0.213557 5.92222752665857319204e-43
0.213762 5.92038953083807462840e-43
0.213966 5.91825361469876673453e-43
0.214171 5.91581786940167252643e-43
0.214376 5.91308033465085628082e-43
0.214581 5.91003899758953589847e-43
0.214786 5.90669179164804008171e-43
0.214991 5.90303659533730646160e-43
0.215195 5.89907123099121598520e-43
0.215400 5.89479346345048950539e-43
0.215605 5.89020099868818321433e-43
0.215810 5.88529148237492298573e-43
0.216015 5.88006249837838942429e-43
0.216220 5.87451156719757934273e-43
0.216424 5.86863614432494000243e-43
0.216629 5.86243361853730250087e-43
0.216834 5.85590131010853221554e-43
0.217039 5.84903646894199494928e-43
0.217244 5.84183627261918502073e-43
0.217449 5.83429782435879609984e-43
0.217653 5.82641815088366274169e-43
0.217858 5.81819420018938743909e-43
0.218063 5.80962283921067922646e-43
0.218268 5.80070085137919874163e-43
0.218473 5.79142493406748287835e-43
0.218678 5.78179169591370058792e-43
0.218882 5.77179765401967582965e-43
0.219087 5.76143923101523736533e-43
0.219292 5.75071275198253258842e-43
0.219497 5.73961444123154258607e-43
0.219702 5.72814041891848329067e-43
0.219907 5.71628669749897352803e-43
0.220111 5.70404917800416754069e-43
0.220316 5.69142364613212469420e-43
0.220521 5.67840576814117378969e-43
0.220726 5.66499108653553978435e-43
0.220931 5.65117501552653970621e-43
0.221136 5.63695283626161091231e-43
0.221340 5.62231969180048379876e-43
0.221545 5.60727058182520062794e-43
0.221750 5.59180035706841277867e-43
0.221955 5.57590371343770251846e-43
0.222160 5.55957518581988367607e-43
0.222365 5.54280914154057235897e-43
0.222569 5.52559977345741423752e-43
0.222774 5.50794109266217749634e-43
0.222979 5.48982692076334246843e-43
0.223184 5.47125088171881087569e-43
0.223389 5.45220639319015460680e-43
0.223594 5.43268665737925618847e-43
0.223798 5.41268465131250560568e-43
0.224003 5.39219311652912180289e-43
0.224208 5.37120454813144804361e-43
0.224413 5.34971118314363270287e-43
0.224618 5.32770498813010618916e-43
0.224823 5.30517764601233914135e-43
0.225027 5.28212054201875789642e-43
0.225232 5.25852474869992681957e-43
0.225437 5.23438100993016414013e-43
0.225642 5.20967972381011553974e-43
0.225847 5.18441092437761055720e-43
0.226052 5.15856426202168482631e-43
0.226256 5.13212898248834331581e-43
0.226461 5.10509390434899624733e-43
0.226666 5.07744739479274566243e-43
0.226871 5.04917734358679073536e-43
0.227076 5.02027113503295923924e-43
0.227281 4.99071561772637993940e-43
0.227485 4.96049707190392003472e-43
0.227690 4.92960117413849483397e-43
0.227895 4.89801295911470878968e-43
0.228100 4.86571677818079937804e-43
0.228305 4.83269625433776633238e-43
0.228510 4.79893423328296660865e-43
0.228714 4.76441273007772961422e-43
0.228919 4.72911287094303610531e-43
0.229124 4.69301482963388778675e-43
0.229329 4.65609775775406108860e-43
0.229534 4.61833970828990823644e-43
0.229739 4.57971755153530442486e-43
0.229943 4.54020688245876969759e-43
0.230148 4.49978191841761361714e-43
0.230353 4.45841538595796815344e-43
0.230558 4.41607839523369736065e-43
0.230763 4.37274030034644092647e-43
0.230968 4.32836854361571027579e-43
0.231172 4.28292848145629807023e-43
0.231377 4.23638318912083350399e-43
0.231582 4.18869324107978917408e-43
0.231787 4.13981646319874368069e-43
0.231992 4.08970765214362161699e-43
0.232197 4.03831825653562870157e-43
0.232401 3.98559601326544322597e-43
0.232606 3.93148453097700121289e-43
0.232811 3.87592281100406845754e-43
0.233016 3.81884469383891564676e-43
0.233221 3.76017821643683960701e-43
0.233426 3.69984486208896790529e-43
0.233630 3.63775868000248982662e-43
0.233835 3.57382524572937330673e-43
0.234040 3.50794042569849107547e-43
0.234245 3.43998889863131037259e-43
0.234450 3.36984237251399897494e-43
0.234655 3.29735741661832175411e-43
0.234859 3.22237280157633177563e-43
0.235064 3.14470620344125426274e-43
0.235269 3.06415007490459601553e-43
0.235474 2.98046641043081221812e-43
0.235679 2.89338001921402714116e-43
0.235884 2.80256974947880587259e-43
0.236088 2.70765684408644504522e-43
0.236293 2.60818918822486049965e-43
0.236498 2.50361952204034669686e-43
0.236703 2.39327452048151514950e-43
0.236908 2.27630956528714559357e-43
0.237113 2.15164016027708003036e-43
0.237317 2.01783327587929721320e-43
0.237522 1.87292559966342025497e-43
0.237727 1.71409765933414056062e-43
0.237932 1.53703304899700241780e-43
0.238137 1.33448415389570022606e-43
0.238342 1.09235595211242752242e-43
0.238546 7.74358396069327428055e-44
0.238751 0.00000000000000000000e+00
