0.995222 0.00000000000000000000e+00
0.996645 1.10186962037901847285e-42
0.998068 1.55673179822796543526e-42
0.999491 1.90469100999394374566e-42
1.000914 2.19712870530943921271e-42
1.002336 2.45396616085141728080e-42
1.003759 2.68542915656704840749e-42
1.005182 2.89759723574609658411e-42
1.006605 3.09443459227921557149e-42
1.008028 3.27869674241367812390e-42
1.009451 3.45239130687547581900e-42
1.010874 3.61703482205132209988e-42
1.012297 3.77380616371915178941e-42
1.013720 3.92364332334715276089e-42
1.015143 4.06730718306678942996e-42
1.016565 4.20542508546144361888e-42
1.017988 4.33852151315135522292e-42
1.019411 4.46704025490114785628e-42
1.020834 4.59136077990629557744e-42
1.022257 4.71181056960186124654e-42
1.023680 4.82867456411412781272e-42
1.025103 4.94220250821935568949e-42
1.026526 5.05261474113899526794e-42
1.027949 5.16010681522042241605e-42
1.029371 5.26485322075312684654e-42
1.030794 5.36701041976889869722e-42
1.032217 5.46671933940300822449e-42
1.033640 5.56410743807704730243e-42
1.035063 5.65929043073060552419e-42
1.036486 5.75237373947712251450e-42
1.037909 5.84345372130521329707e-42
1.039332 5.93261871334982823317e-42
1.040755 6.01994992782831377253e-42
1.042178 6.10552222226600824775e-42
1.043600 6.18940476562899680923e-42
1.045023 6.27166161706648667140e-42
1.046446 6.35235223088815456122e-42
1.047869 6.43153189895836319955e-42
1.049292 6.50925213973926541922e-42
1.050715 6.58556104164570947903e-42
1.052138 6.66050356710816371580e-42
1.053561 6.73412182270396237729e-42
1.054984 6.80645529987938910881e-42
1.056406 6.87754109008186772012e-42
1.057829 6.94741407755418394821e-42
1.059252 7.01610711256477259287e-42
1.060675 7.08365116744310730147e-42
1.062098 7.15007547746840705823e-42
1.063521 7.21540766836687451767e-42
1.064944 7.27967387194367117370e-42
1.066367 7.34289883117212887919e-42
1.067790 7.40510599589196111017e-42
1.069213 7.46631761012114273204e-42
1.070635 7.52655479186538340278e-42
1.072058 7.58583760619582160080e-42
1.073481 7.64418513227638370499e-42
1.074904 7.70161552494451476754e-42
1.076327 7.75814607137275371102e-42
1.077750 7.81379324328572610911e-42
1.079173 7.86857274514993316109e-42
1.080596 7.92249955870890115805e-42
1.082019 7.97558798419776281453e-42
1.083442 8.02785167853463445276e-42
1.084864 8.07930369075288034623e-42
1.086287 8.12995649491712407503e-42
1.087710 8.17982202073492762548e-42
1.089133 8.22891168205942071532e-42
1.090556 8.27723640345658726289e-42
1.091979 8.32480664499646976133e-42
1.093402 8.37163242540764249366e-42
1.094825 8.41772334372981965182e-42
1.096248 8.46308859957686800753e-42
1.097670 8.50773701211881565173e-42
1.099093 8.55167703788167438247e-42
1.100516 8.59491678745163543403e-42
1.101939 8.63746404116432164325e-42
1.103362 8.67932626385434351905e-42
1.104785 8.72051061873198496008e-42
1.106208 8.76102398044867000316e-42
1.107631 8.80087294740825603749e-42
1.109054 8.84006385337664267709e-42
1.110477 8.87860277843643123554e-42
1.111899 8.91649555933168999154e-42
1.113322 8.95374779924440239486e-42
1.114745 8.99036487703631313571e-42
1.116168 9.02635195599523469106e-42
1.117591 9.06171399211519606060e-42
1.119014 9.09645574193989442255e-42
1.120437 9.13058176999717460640e-42
1.121860 9.16409645585210324500e-42
1.123283 9.19700400079568368952e-42
1.124705 9.22930843420002973155e-42
1.126128 9.26101361955224454869e-42
1.127551 9.29212326018949933111e-42
1.128974 9.32264090475342185831e-42
1.130397 9.35256995237844892233e-42
1.131820 9.38191365762865757673e-42
1.133243 9.41067513520016335222e-42
1.134666 9.43885736439921750362e-42
1.136089 9.46646319341003779056e-42
1.137512 9.49349534336352316093e-42
1.138934 9.51995641221754134639e-42
1.140357 9.54584887845857605241e-42
1.141780 9.57117510463442866276e-42
1.143203 9.59593734072729340898e-42
1.144626 9.62013772737432903744e-42
1.146049 9.64377829894558757555e-42
1.147472 9.66686098648255647713e-42
1.148895 9.68938762050973261688e-42
1.150318 9.71135993372060074201e-42
1.151740 9.73277956354730984205e-42
1.153163 9.75364805461735851889e-42
1.154586 9.77396686110603352017e-42
1.156009 9.79373734898400243326e-42
1.157432 9.81296079817245606950e-42
1.158855 9.83163840460193760934e-42
1.160278 9.84977128218608024791e-42
1.161701 9.86736046471016412775e-42
1.163124 9.88440690763867155753e-42
1.164547 9.90091148984781652299e-42
1.165969 9.91687501528304976472e-42
1.167392 9.93229821454680044942e-42
1.168815 9.94718174641825908917e-42
1.170238 9.96152619931073164935e-42
1.171661 9.97533209266389227431e-42
1.173084 9.98859987827851902251e-42
1.174507 1.00013299415946990540e-41
1.175930 1.00135226029127143709e-41
1.177353 1.00251781185645773937e-41
1.178775 1.00362966820311210286e-41
1.180198 1.00468784250128826973e-41
1.181621 1.00569234184540762698e-41
1.183044 1.00664316735172558919e-41
1.184467 1.00754031425195314947e-41
1.185890 1.00838377198228879635e-41
1.187313 1.00917352426830265653e-41
1.188736 1.00990954920620087801e-41
1.190159 1.01059181933985187885e-41
1.191582 1.01122030173438247792e-41
1.193004 1.01179495804598756480e-41
1.194427 1.01231574458822158546e-41
1.195850 1.01278261239501042528e-41
1.197273 1.01319550728026694749e-41
1.198696 1.01355436989414243133e-41
1.200119 1.01385913577632084928e-41
1.201542 1.01410973540604628625e-41
1.202965 1.01430609424928151889e-41
1.204388 1.01444813280270895930e-41
1.205811 1.01453576663502092098e-41
1.207233 1.01456890642524558674e-41
1.208656 1.01454745799826021364e-41
1.210079 1.01447132235758843475e-41
1.211502 1.01434039571547834424e-41
1.212925 1.01415456952018476986e-41
1.214348 1.01391373048068169700e-41
1.215771 1.01361776058872824850e-41
1.217194 1.01326653713822156516e-41
1.218617 1.01285993274200647435e-41
1.220039 1.01239781534610830064e-41
1.221462 1.01188004824130635984e-41
1.222885 1.01130649007209465499e-41
1.224308 1.01067699484319074010e-41
1.225731 1.00999141192315127411e-41
1.227154 1.00924958604572895283e-41
1.228577 1.00845135730826743704e-41
1.230000 1.00759656116760774343e-41
1.231423 1.00668502843325719402e-41
1.232846 1.00571658525780805154e-41
1.234268 1.00469105312462992862e-41
1.235691 1.00360824883279671677e-41
1.237114 1.00246798447890953516e-41
1.238537 1.00127006743633746849e-41
1.239960 1.00001430033125223937e-41
1.241383 9.98700481015755296685e-42
1.242806 9.97328402537712174186e-42
1.244229 9.95897853107493829309e-42
1.245652 9.94408616061466417634e-42
1.247074 9.92860469821898012482e-42
1.248497 9.91253187853623955987e-42
1.249920 9.89586538616770645882e-42
1.251343 9.87860285516094830385e-42
1.252766 9.86074186846138679037e-42
1.254189 9.84227995732512493176e-42
1.255612 9.82321460069017407361e-42
1.257035 9.80354322450356245782e-42
1.258458 9.78326320100339624536e-42
1.259881 9.76237184795437804020e-42
1.261303 9.74086642783294674915e-42
1.262726 9.71874414696268621011e-42
1.264149 9.69600215459413618707e-42
1.265572 9.67263754192986727608e-42
1.266995 9.64864734108899792687e-42
1.268418 9.62402852401319273809e-42
1.269841 9.59877800130151581661e-42
1.271264 9.57289262098346197494e-42
1.272687 9.54636916721699918068e-42
1.274109 9.51920435891023180738e-42
1.275532 9.49139484826509414384e-42
1.276955 9.46293721923580966271e-42
1.278378 9.43382798589909299734e-42
1.279801 9.40406359072974010156e-42
1.281224 9.37364040277739955558e-42
1.282647 9.34255471573851714964e-42
1.284070 9.31080274591614209074e-42
1.285493 9.27838063006265242423e-42
1.286916 9.24528442309678168015e-42
1.288338 9.21151009568706030222e-42
1.289761 9.17705353169653063311e-42
1.291184 9.14191052547336530544e-42
1.292607 9.10607677898588770850e-42
1.294030 9.06954789878502873920e-42
1.295453 9.03231939278404571501e-42
1.296876 8.99438666685008948536e-42
1.298299 8.95574502118277133109e-42
1.299722 8.91638964647705835547e-42
1.301144 8.87631561984928502932e-42
1.302567 8.83551790050852237611e-42
1.303990 8.79399132516180012450e-42
1.305413 8.75173060312671993447e-42
1.306836 8.70873031113589072828e-42
1.308259 8.66498488780754754247e-42
1.309682 8.62048862775688099833e-42
1.311105 8.57523567532641898769e-42
1.312528 8.52922001789801909090e-42
1.313951 8.48243547876206046068e-42
1.315373 8.43487570950516127293e-42
1.316796 8.38653418187915104049e-42
1.318219 8.33740417910896997492e-42
1.319642 8.28747878659800745965e-42
1.321065 8.23675088197447016166e-42
1.322488 8.18521312443093731966e-42
1.323911 8.13285794329206937385e-42
1.325334 8.07967752574911805580e-42
1.326757 8.02566380368403543010e-42
1.328180 7.97080843950793187267e-42
1.329602 7.91510281092229167116e-42
1.331025 7.85853799450832678366e-42
1.332448 7.80110474803400503708e-42
1.333871 7.74279349136217794605e-42
1.335294 7.68359428582478787761e-42
1.336717 7.62349681191796016505e-42
1.338140 7.56249034515279310776e-42
1.339563 7.50056372987886969268e-42
1.340986 7.43770535087675879667e-42
1.342408 7.37390310249069581407e-42
1.343831 7.30914435504375945530e-42
1.345254 7.24341591824957962067e-42
1.346677 7.17670400129398868425e-42
1.348100 7.10899416922093149802e-42
1.349523 7.04027129521114484820e-42
1.350946 6.97051950828018787754e-42
1.352369 6.89972213586848965962e-42
1.353792 6.82786164071237268953e-42
1.355215 6.75491955130845343042e-42
1.356637 6.68087638517412711908e-42
1.358060 6.60571156400056823466e-42
1.359483 6.52940331964920580293e-42
1.360906 6.45192858978493062845e-42
1.362329 6.37326290174892725919e-42
1.363752 6.29338024304576273058e-42
1.365175 6.21225291655354846612e-42
1.366598 6.12985137824141261697e-42
1.368021 6.04614405479425360925e-42
1.369443 5.96109713807881981147e-42
1.370866 5.87467435282183656276e-42
1.372289 5.78683669318473417530e-42
1.373712 5.69754212307853411904e-42
1.375135 5.60674523402929671814e-42
1.376558 5.51439685312666687451e-42
1.377981 5.42044359199193427307e-42
1.379404 5.32482732570424138624e-42
1.380827 5.22748458810404866993e-42
1.382250 5.12834586667896713690e-42
1.383672 5.02733477612821554002e-42
1.385095 4.92436708437893335728e-42
1.386518 4.81934955788818647078e-42
1.387941 4.71217858392009177558e-42
1.389364 4.60273851530553559766e-42
1.390787 4.49089966679245345807e-42
1.392210 4.37651586973214884505e-42
1.393633 4.25942146093325340313e-42
1.395056 4.13942753818059362673e-42
1.396478 4.01631725314337913574e-42
1.397901 3.88983982281145770949e-42
1.399324 3.75970280807031642707e-42
1.400747 3.62556200766704714139e-42
1.402170 3.48700800541030534707e-42
1.403593 3.34354791405308047611e-42
1.405016 3.19458004675567574617e-42
1.406439 3.03935786238610433804e-42
1.407862 2.87693707013687134007e-42
1.409285 2.70609518358699837886e-42
1.410707 2.52520370818381746385e-42
1.412130 2.33201374332597449043e-42
1.413553 2.12327049458650492038e-42
1.414976 1.89395319288990793021e-42
1.416399 1.63556907931753584986e-42
1.417822 1.33148223749270433505e-42
1.419245 9.38553260740430313933e-43
1.420668 0.00000000000000000000e+00
