0.835986 0.00000000000000000000e+00
0.836136 1.59898351575814631635e-43
0.836286 2.25659057816382871347e-43
0.836436 2.75796931435656607514e-43
0.836585 3.17794995834136586328e-43
0.836735 3.54558193468188454799e-43
0.836885 3.87579506504203641106e-43
0.837034 4.17747664213787673160e-43
0.837184 4.45642897640786678112e-43
0.837334 4.71669043660996543323e-43
0.837483 4.96120715521682740859e-43
0.837633 5.19220758084964560585e-43
0.837783 5.41142635340084869984e-43
0.837932 5.62024558916753627264e-43
0.838082 5.81978803275788470523e-43
0.838232 6.01098072798704199761e-43
0.838381 6.19459987373018853727e-43
0.838531 6.37130324844291687958e-43
0.838681 6.54165417426004537541e-43
0.838830 6.70613957378874628471e-43
0.838980 6.86518380889317950188e-43
0.839130 7.01915944766450022548e-43
0.839279 7.16839575474961204434e-43
0.839429 7.31318546770234270502e-43
0.839579 7.45379026462406582088e-43
0.839728 7.59044521969741674811e-43
0.839878 7.72336246685255680374e-43
0.840028 7.85273423728062911934e-43
0.840178 7.97873539699072226400e-43
0.840327 8.10152558158654185009e-43
0.840477 8.22125100386011513037e-43
0.840627 8.33804599356751352801e-43
0.840776 8.45203431642046835721e-43
0.840926 8.56333030985292050469e-43
0.841076 8.67203986579712157568e-43
0.841225 8.77826128496564270217e-43
0.841375 8.88208602263240173410e-43
0.841525 8.98359934232471141306e-43
0.841674 9.08288089097698918835e-43
0.841824 9.18000520680705975122e-43
0.841974 9.27504216930070508239e-43
0.842123 9.36805739919564684405e-43
0.842273 9.45911261509845723550e-43
0.842423 9.54826595236338466454e-43
0.842572 9.63557224900793320705e-43
0.842722 9.72108330274824740963e-43
0.842872 9.80484810264894549242e-43
0.843021 9.88691303838888807086e-43
0.843171 9.96732208974198795281e-43
0.843321 1.00461169985136109643e-42
0.843471 1.01233374248841308850e-42
0.843620 1.01990210898547743124e-42
0.843770 1.02732039052828366604e-42
0.843920 1.03459200928064664728e-42
0.844069 1.04172022927940944485e-42
0.844219 1.04870816643300759330e-42
0.844369 1.05555879771231057128e-42
0.844518 1.06227496961189521064e-42
0.844668 1.06885940595182573196e-42
0.844818 1.07531471508142116875e-42
0.844967 1.08164339654068874275e-42
0.845117 1.08784784722789205574e-42
0.845267 1.09393036711820175240e-42
0.845416 1.09989316457181866449e-42
0.845566 1.10573836126788826784e-42
0.845716 1.11146799679552600178e-42
0.845865 1.11708403293066622456e-42
0.846015 1.12258835762485004178e-42
0.846165 1.12798278872919091754e-42
0.846314 1.13326907747442978913e-42
0.846464 1.13844891172688118065e-42
0.846614 1.14352391903722160997e-42
0.846763 1.14849566949784601783e-42
0.846913 1.15336567842379930433e-42
0.847063 1.15813540886985597271e-42
0.847213 1.16280627399618307792e-42
0.847362 1.16737963929294380783e-42
0.847512 1.17185682467495144205e-42
0.847662 1.17623910645422348948e-42
0.847811 1.18052771920004218950e-42
0.847961 1.18472385749369283942e-42
0.848111 1.18882867758485546019e-42
0.848260 1.19284329895690458202e-42
0.848410 1.19676880580636702458e-42
0.848560 1.20060624844260846742e-42
0.848709 1.20435664461273120544e-42
0.848859 1.20802098075654217900e-42
0.849009 1.21160021319556492804e-42
0.849158 1.21509526926101191080e-42
0.849308 1.21850704836361549966e-42
0.849458 1.22183642300926119348e-42
0.849607 1.22508423976357593484e-42
0.849757 1.22825132016875027458e-42
0.849907 1.23133846161461904411e-42
0.850056 1.23434643816774621329e-42
0.850206 1.23727600135980943612e-42
0.850356 1.24012788093860412854e-42
0.850505 1.24290278558265893734e-42
0.850655 1.24560140358264559780e-42
0.850805 1.24822440349027139580e-42
0.850955 1.25077243473713037719e-42
0.851104 1.25324612822518143078e-42
0.851254 1.25564609688929915171e-42
0.851404 1.25797293623504830197e-42
0.851553 1.26022722485124886606e-42
0.851703 1.26240952489963419728e-42
0.851853 1.26452038258267743251e-42
0.852002 1.26656032859005804925e-42
0.852152 1.26852987852548448422e-42
0.852302 1.27042953331448695051e-42
0.852451 1.27225977959412483803e-42
0.852601 1.27402109008539281732e-42
0.852751 1.27571392394924470114e-42
0.852900 1.27733872712719362757e-42
0.853050 1.27889593266632288283e-42
0.853200 1.28038596103058816818e-42
0.853349 1.28180922039822252962e-42
0.853499 1.28316610694576632501e-42
0.853649 1.28445700512000387136e-42
0.853798 1.28568228789754120352e-42
0.853948 1.28684231703285271509e-42
0.854098 1.28793744329553635403e-42
0.854248 1.28896800669657951093e-42
0.854397 1.28993433670444473135e-42
0.854547 1.29083675245167605342e-42
0.854697 1.29167556293147571659e-42
0.854846 1.29245106718545880540e-42
0.854996 1.29316355448262692989e-42
0.855146 1.29381330448977186812e-42
0.855295 1.29440058743338755081e-42
0.855445 1.29492566425414899780e-42
0.855595 1.29538878675313840114e-42
0.855744 1.29579019773109091669e-42
0.855894 1.29613013112001591780e-42
0.856044 1.29640881210798595577e-42
0.856193 1.29662645725702110053e-42
0.856343 1.29678327461433598269e-42
0.856493 1.29687946381707841769e-42
0.856642 1.29691521619082422496e-42
0.856792 1.29689071484168948359e-42
0.856942 1.29680613474262656877e-42
0.857091 1.29666164281370562899e-42
0.857241 1.29645739799654081328e-42
0.857391 1.29619355132308762676e-42
0.857540 1.29587024597877716306e-42
0.857690 1.29548761736031363821e-42
0.857840 1.29504579312779956139e-42
0.857990 1.29454489325153105741e-42
0.858139 1.29398503005372397078e-42
0.858289 1.29336630824467928239e-42
0.858439 1.29268882495386305823e-42
0.858588 1.29195266975612842362e-42
0.858738 1.29115792469194783051e-42
0.858888 1.29030466428356175222e-42
0.859037 1.28939295554528439502e-42
0.859187 1.28842285798886333728e-42
0.859337 1.28739442362395443013e-42
0.859486 1.28630769695318369047e-42
0.859636 1.28516271496218824622e-42
0.859786 1.28395950710444962337e-42
0.859935 1.28269809528097178765e-42
0.860085 1.28137849381456274665e-42
0.860235 1.28000070941894704658e-42
0.860384 1.27856474116235916149e-42
0.860534 1.27707058042581340646e-42
0.860684 1.27551821085581061463e-42
0.860833 1.27390760831125742985e-42
0.860983 1.27223874080487174897e-42
0.861133 1.27051156843870630946e-42
0.861282 1.26872604333363143181e-42
0.861432 1.26688210955284048112e-42
0.861582 1.26497970301888418927e-42
0.861732 1.26301875142475063684e-42
0.861881 1.26099917413797386480e-42
0.862031 1.25892088209822307615e-42
0.862181 1.25678377770792237906e-42
0.862330 1.25458775471572487565e-42
0.862480 1.25233269809274232445e-42
0.862630 1.25001848390093710945e-42
0.862779 1.24764497915402317220e-42
0.862929 1.24521204166992658382e-42
0.863079 1.24271951991505172997e-42
0.863228 1.24016725283992074399e-42
0.863378 1.23755506970536064768e-42
0.863528 1.23488278989994011616e-42
0.863677 1.23215022274713685371e-42
0.863827 1.22935716730261091292e-42
0.863977 1.22650341214096870516e-42
0.864126 1.22358873513133904517e-42
0.864276 1.22061290320160064607e-42
0.864426 1.21757567209061538479e-42
0.864575 1.21447678608800836788e-42
0.864725 1.21131597776068359556e-42
0.864875 1.20809296766578990112e-42
0.865025 1.20480746404936658710e-42
0.865174 1.20145916252981183414e-42
0.865324 1.19804774576583981119e-42
0.865474 1.19457288310751325510e-42
0.865623 1.19103423023025211079e-42
0.865773 1.18743142875035433978e-42
0.865923 1.18376410582141205194e-42
0.866072 1.18003187371055033151e-42
0.866222 1.17623432935296544323e-42
0.866372 1.17237105388447008584e-42
0.866521 1.16844161215017954539e-42
0.866671 1.16444555218793364107e-42
0.866821 1.16038240468550928232e-42
0.866970 1.15625168240982439904e-42
0.867120 1.15205287960643564630e-42
0.867270 1.14778547136799200487e-42
0.867419 1.14344891296898381414e-42
0.867569 1.13904263916581784097e-42
0.867719 1.13456606345915598387e-42
0.867868 1.13001857731677731895e-42
0.868018 1.12539954935400368218e-42
0.868168 1.12070832446958064940e-42
0.868317 1.11594422293360931731e-42
0.868467 1.11110653942448496490e-42
0.868617 1.10619454201171678948e-42
0.868767 1.10120747108085834679e-42
0.868916 1.09614453819641207276e-42
0.869066 1.09100492489870827023e-42
0.869216 1.08578778142992496063e-42
0.869365 1.08049222538453798710e-42
0.869515 1.07511734027835981945e-42
0.869665 1.06966217403036199373e-42
0.869814 1.06412573735106956126e-42
0.869964 1.05850700203021844188e-42
0.870114 1.05280489911617715679e-42
0.870263 1.04701831697873798399e-42
0.870413 1.04114609924604827694e-42
0.870563 1.03518704260583233699e-42
0.870712 1.02913989445984666672e-42
0.870862 1.02300335041961547610e-42
0.871012 1.01677605162997334465e-42
0.871161 1.01045658190656931850e-42
0.871311 1.00404346467018264858e-42
0.871461 9.97535159661390981504e-43
0.871610 9.90930059415274939417e-43
0.871760 9.84226485474647727819e-43
0.871910 9.77422684318199671466e-43
0.872059 9.70516822976619927855e-43
0.872209 9.63506984307152763288e-43
0.872359 9.56391161893648507991e-43
0.872509 9.49167254535203623079e-43
0.872658 9.41833060282550649602e-43
0.872808 9.34386269975238310107e-43
0.872958 9.26824460228824984908e-43
0.873107 9.19145085812626275069e-43
0.873257 9.11345471353346519724e-43
0.873407 9.03422802288987400129e-43
0.873556 8.95374114989984156007e-43
0.873706 8.87196285950570986321e-43
0.873856 8.78886019942538287136e-43
0.874005 8.70439837005805141527e-43
0.874155 8.61854058133841862049e-43
0.874305 8.53124789490347658791e-43
0.874454 8.44247904967465144205e-43
0.874604 8.35219026869429553498e-43
0.874754 8.26033504467078823526e-43
0.874903 8.16686390130565102726e-43
0.875053 8.07172412696831646128e-43
0.875203 7.97485947669081155112e-43
0.875352 7.87620983775702516375e-43
0.875502 7.77571085328816200681e-43
0.875652 7.67329349718887342669e-43
0.875802 7.56888359254196926140e-43
0.875951 7.46240126395502541257e-43
0.876101 7.35376031244602447810e-43
0.876251 7.24286749901942165402e-43
0.876400 7.12962172007006947569e-43
0.876550 7.01391305394414317913e-43
0.876700 6.89562165313416984981e-43
0.876849 6.77461645039909029549e-43
0.876999 6.65075363907773138916e-43
0.877149 6.52387487745104597691e-43
0.877298 6.39380515324775973852e-43
0.877448 6.26035022616202634999e-43
0.877598 6.12329354165062216825e-43
0.877747 5.98239247583443601904e-43
0.877897 5.83737372516092171783e-43
0.878047 5.68792758975804186404e-43
0.878196 5.53370080736881020855e-43
0.878346 5.37428746132604961187e-43
0.878496 5.20921728889536245182e-43
0.878645 5.03794041868220976838e-43
0.878795 4.85980710504903838021e-43
0.878945 4.67404029462838768674e-43
0.879094 4.47969765672577586292e-43
0.879244 4.27561766118554965509e-43
0.879394 4.06034065111566084496e-43
0.879544 3.83198907480378259913e-43
0.879693 3.58807761411019721309e-43
0.879843 3.32519536760858885703e-43
0.879993 3.03843561509302993565e-43
0.880142 2.72027378765479494876e-43
0.880292 2.35805421594099602316e-43
0.880442 1.92712290743146584387e-43
0.880591 1.36389396885948168217e-43
0.880741 0.00000000000000000000e+00
