0.211317 0.00000000000000000000e+00
0.213201 2.95797078056639536035e-43
0.215085 4.20782249287807759011e-43
0.216970 5.18346897405554910252e-43
0.218854 6.01972556142043600665e-43
0.220739 6.76843549810820155388e-43
0.222623 7.45599651217740532184e-43
0.224507 8.09797535374991794755e-43
0.226392 8.70443834796970056291e-43
0.228276 9.28232336693749382259e-43
0.230160 9.83664138306727157042e-43
0.232045 1.03711439743916573826e-42
0.233929 1.08887208152925469700e-42
0.235813 1.13916495927650610611e-42
0.237698 1.18817601645234736512e-42
0.239582 1.23605463426439964333e-42
0.241466 1.28292443477920623500e-42
0.243351 1.32888893059144121284e-42
0.245235 1.37403568445369028769e-42
0.247119 1.41843943154014497698e-42
0.249004 1.46216446315447954557e-42
0.250888 1.50526647414912360187e-42
0.252773 1.54779401404474095693e-42
0.254657 1.58978964067300733774e-42
0.256541 1.63129084735132418705e-42
0.258426 1.67233081543496854650e-42
0.260310 1.71293903065266719422e-42
0.262194 1.75314179205281110403e-42
0.264079 1.79296263546176153199e-42
0.265963 1.83242268827782084612e-42
0.267847 1.87154096865641498300e-42
0.269732 1.91033463931584252752e-42
0.271616 1.94881922404512009934e-42
0.273500 1.98700879335582824070e-42
0.275385 2.02491612444723454626e-42
0.277269 2.06255283966461927871e-42
0.279154 2.09992952685360860199e-42
0.281038 2.13705584439615261608e-42
0.282922 2.17394061322422090442e-42
0.284807 2.21059189771109303782e-42
0.286691 2.24701707702479601763e-42
0.288575 2.28322290826747188634e-42
0.290460 2.31921558251408107010e-42
0.292344 2.35500077469189441162e-42
0.294228 2.39058368809670682731e-42
0.296113 2.42596909422528300278e-42
0.297997 2.46116136850424366144e-42
0.299881 2.49616452241252470250e-42
0.301766 2.53098223242551888592e-42
0.303650 2.56561786615098614836e-42
0.305534 2.60007450597651930585e-42
0.307419 2.63435497050699714488e-42
0.309303 2.66846183403486245070e-42
0.311188 2.70239744425363035670e-42
0.313072 2.73616393840219638217e-42
0.314956 2.76976325800065941225e-42
0.316841 2.80319716232360308879e-42
0.318725 2.83646724073501266596e-42
0.320609 2.86957492399853235396e-42
0.322494 2.90252149466183325630e-42
0.324378 2.93530809660294805197e-42
0.326262 2.96793574381728199592e-42
0.328147 3.00040532851627662456e-42
0.330031 3.03271762859803743979e-42
0.331915 3.06487331454845321950e-42
0.333800 3.09687295582138765510e-42
0.335684 3.12871702674366059327e-42
0.337568 3.16040591198553385051e-42
0.339453 3.19193991163240979985e-42
0.341337 3.22331924589231091248e-42
0.343222 3.25454405946755655333e-42
0.345106 3.28561442561838996612e-42
0.346990 3.31653034994269397659e-42
0.348875 3.34729177389485701240e-42
0.350759 3.37789857806210107533e-42
0.352643 3.40835058521948591491e-42
0.354528 3.43864756317786032087e-42
0.356412 3.46878922744083292000e-42
0.358296 3.49877524368565470069e-42
0.360181 3.52860523007962053276e-42
0.362065 3.55827875944365748779e-42
0.363949 3.58779536127535147385e-42
0.365834 3.61715452363901123325e-42
0.367718 3.64635569493355557263e-42
0.369603 3.67539828554587895070e-42
0.371487 3.70428166939704977310e-42
0.373371 3.73300518538861672656e-42
0.375256 3.76156813875621500643e-42
0.377140 3.78996980233478844228e-42
0.379024 3.81820941774289784804e-42
0.380909 3.84628619648897105467e-42
0.382793 3.87419932100702548950e-42
0.384677 3.90194794562310145320e-42
0.386562 3.92953119745955716537e-42
0.388446 3.95694817727759772502e-42
0.390330 3.98419796026446388151e-42
0.392215 4.01127959676758868742e-42
0.394099 4.03819211297706214240e-42
0.395983 4.06493451156171583351e-42
0.397868 4.09150577225974583041e-42
0.399752 4.11790485242631445199e-42
0.401637 4.14413068754184280881e-42
0.403521 4.17018219168024281907e-42
0.405405 4.19605825794243830074e-42
0.407290 4.22175775885389493135e-42
0.409174 4.24727954672987798893e-42
0.411058 4.27262245400845890319e-42
0.412943 4.29778529355481365317e-42
0.414827 4.32276685893478277505e-42
0.416711 4.34756592466282655962e-42
0.418596 4.37218124642237833923e-42
0.420480 4.39661156126130093432e-42
0.422364 4.42085558776336515510e-42
0.424249 4.44491202619578540613e-42
0.426133 4.46877955863422259905e-42
0.428018 4.49245684906642688883e-42
0.429902 4.51594254347464831839e-42
0.431786 4.53923526989750167537e-42
0.433671 4.56233363847219298634e-42
0.435555 4.58523624145774807134e-42
0.437439 4.60794165323923487466e-42
0.439324 4.63044843031409983418e-42
0.441208 4.65275511126038251149e-42
0.443092 4.67486021668781276819e-42
0.444977 4.69676224917214351727e-42
0.446861 4.71845969317200343284e-42
0.448745 4.73995101493008064509e-42
0.450630 4.76123466235755093174e-42
0.452514 4.78230906490336197775e-42
0.454398 4.80317263340659198943e-42
0.456283 4.82382375993393838851e-42
0.458167 4.84426081760197272425e-42
0.460052 4.86448216038272037383e-42
0.461936 4.88448612289518662311e-42
0.463820 4.90427102018141573674e-42
0.465705 4.92383514746608765362e-42
0.467589 4.94317677990219360798e-42
0.469473 4.96229417230036089244e-42
0.471358 4.98118555884365499507e-42
0.473242 4.99984915278593019499e-42
0.475126 5.01828314613508784240e-42
0.477011 5.03648570932069429951e-42
0.478895 5.05445499084470573478e-42
0.480779 5.07218911691771171173e-42
0.482664 5.08968619107658357173e-42
0.484548 5.10694429378841712840e-42
0.486432 5.12396148203381996967e-42
0.488317 5.14073578887730236198e-42
0.490201 5.15726522301652846228e-42
0.492086 5.17354776831555377001e-42
0.493970 5.18958138332006956180e-42
0.495854 5.20536400075245010700e-42
0.497739 5.22089352698913440553e-42
0.499623 5.23616784151832368214e-42
0.501507 5.25118479637647610182e-42
0.503392 5.26594221556579334965e-42
0.505276 5.28043789444941730606e-42
0.507160 5.29466959912546345167e-42
0.509045 5.30863506577805639753e-42
0.510929 5.32233200000632020931e-42
0.512813 5.33575807612842027507e-42
0.514698 5.34891093646201275618e-42
0.516582 5.36178819057903569998e-42
0.518467 5.37438741453388149832e-42
0.520351 5.38670615006546111863e-42
0.522235 5.39874190377024602372e-42
0.524120 5.41049214624748387389e-42
0.526004 5.42195431121332408442e-42
0.527888 5.43312579458431204919e-42
0.529773 5.44400395352893103825e-42
0.531657 5.45458610548490281532e-42
0.533541 5.46486952714257387721e-42
0.535426 5.47485145339157264083e-42
0.537310 5.48452907623022077840e-42
0.539194 5.49389954363582841119e-42
0.541079 5.50295995839418639595e-42
0.542963 5.51170737688770831774e-42
0.544847 5.52013880783770672936e-42
0.546732 5.52825121100280264918e-42
0.548616 5.53604149582812253811e-42
0.550501 5.54350652004518971915e-42
0.552385 5.55064308821931768338e-42
0.554269 5.55744795024339649031e-42
0.556154 5.56391779977371037707e-42
0.558038 5.57004927260746859516e-42
0.559922 5.57583894499735495170e-42
0.561807 5.58128333190223068737e-42
0.563691 5.58637888516826766798e-42
0.565575 5.59112199164056924076e-42
0.567460 5.59550897119879996926e-42
0.569344 5.59953607471619147073e-42
0.571228 5.60319948193426030945e-42
0.573113 5.60649529925452771322e-42
0.574997 5.60941955743676812669e-42
0.576882 5.61196820920492725553e-42
0.578766 5.61413712675193166477e-42
0.580650 5.61592209914051153308e-42
0.582535 5.61731882959328057860e-42
0.584419 5.61832293266695614531e-42
0.586303 5.61892993130432222989e-42
0.588188 5.61913525375839148925e-42
0.590072 5.61893423037937463345e-42
0.591956 5.61832209025956577437e-42
0.593841 5.61729395772672600817e-42
0.595725 5.61584484867851338470e-42
0.597609 5.61396966674818851269e-42
0.599494 5.61166319929099855313e-42
0.601378 5.60892011318455052670e-42
0.603262 5.60573495042684091968e-42
0.605147 5.60210212352480963442e-42
0.607031 5.59801591065834763497e-42
0.608916 5.59347045060659425072e-42
0.610800 5.58845973742192249495e-42
0.612684 5.58297761483666855870e-42
0.614569 5.57701777038428556051e-42
0.616453 5.57057372921869941548e-42
0.618337 5.56363884761039767993e-42
0.620222 5.55620630610085179726e-42
0.622106 5.54826910228889624099e-42
0.623990 5.53982004322872077111e-42
0.625875 5.53085173740946896180e-42
0.627759 5.52135658629114278929e-42
0.629643 5.51132677536254459842e-42
0.631528 5.50075426469098642692e-42
0.633412 5.48963077892429305628e-42
0.635297 5.47794779670882536074e-42
0.637181 5.46569653947721213526e-42
0.639065 5.45286795956208042123e-42
0.640950 5.43945272758283441529e-42
0.642834 5.42544121905082015455e-42
0.644718 5.41082350013255769480e-42
0.646603 5.39558931250294884751e-42
0.648487 5.37972805721903671609e-42
0.650371 5.36322877753079122266e-42
0.652256 5.34608014054497806347e-42
0.654140 5.32827041764342159813e-42
0.656024 5.30978746355203550445e-42
0.657909 5.29061869394153694121e-42
0.659793 5.27075106143431558603e-42
0.661677 5.25017102987023992465e-42
0.663562 5.22886454668039033513e-42
0.665446 5.20681701318566951985e-42
0.667331 5.18401325263188932459e-42
0.669215 5.16043747574228316934e-42
0.671099 5.13607324354530877698e-42
0.672984 5.11090342720777010935e-42
0.674868 5.08491016457184360953e-42
0.676752 5.05807481305421789022e-42
0.678637 5.03037789852819481694e-42
0.680521 5.00179905975522260976e-42
0.682405 4.97231698788280172252e-42
0.684290 4.94190936045595423406e-42
0.686174 4.91055276931841661545e-42
0.688058 4.87822264169276414360e-42
0.689943 4.84489315362679318032e-42
0.691827 4.81053713487898246184e-42
0.693711 4.77512596417838791723e-42
0.695596 4.73862945362914866686e-42
0.697480 4.70101572084952668849e-42
0.699365 4.66225104719889476252e-42
0.701249 4.62229972019083256319e-42
0.703133 4.58112385786674135008e-42
0.705018 4.53868321252049016035e-42
0.706902 4.49493495071768039775e-42
0.708786 4.44983340598581950809e-42
0.710671 4.40332979988892996165e-42
0.712555 4.35537192637184578891e-42
0.714439 4.30590379325489995937e-42
0.716324 4.25486521350802377416e-42
0.718208 4.20219133738566138500e-42
0.720092 4.14781211456314318336e-42
0.721977 4.09165167297063172511e-42
0.723861 4.03362759791624849289e-42
0.725746 3.97365009111945163456e-42
0.727630 3.91162098414872152937e-42
0.729514 3.84743257408197858903e-42
0.731399 3.78096624042851283915e-42
0.733283 3.71209079067811761340e-42
0.735167 3.64066046615625397859e-42
0.737052 3.56651251850761507773e-42
0.738936 3.48946423767156090281e-42
0.740820 3.40930927097585071830e-42
0.742705 3.32581301431185169142e-42
0.744589 3.23870677141444138021e-42
0.746473 3.14768025184319887336e-42
0.748358 3.05237178896289125464e-42
0.750242 2.95235536645514778673e-42
0.752126 2.84712307640325894353e-42
0.754011 2.73606086824681612295e-42
0.755895 2.61841414866072863115e-42
0.757780 2.49323748731758240716e-42
0.759664 2.35931838618110065796e-42
0.761548 2.21505656885402100847e-42
0.763433 2.05826216367131249218e-42
0.765317 1.88579402148758733274e-42
0.767201 1.69284888688837252044e-42
0.769086 1.47137110934797858514e-42
0.770970 1.20571269721431894130e-42
0.772854 8.55634475012704029026e-43
0.774739 0.00000000000000000000e+00
