1.570796 0.00000000000000000000e+00
1.577375 1.56424049590325943080e-44
1.583954 3.12865742505492548499e-44
1.590532 4.69323014371982485212e-44
1.597111 6.25793794496728346006e-44
1.603691 7.82276004813725775456e-44
1.610270 9.38767558832055140060e-44
1.616850 1.09526636058562229390e-43
1.623431 1.25177030358466314595e-43
1.630012 1.40827726976927593474e-43
1.636593 1.56478512846522813945e-43
1.643176 1.72129173534200208354e-43
1.649759 1.87779493137339207417e-43
1.656343 2.03429254180079307032e-43
1.662928 2.19078237509957676316e-43
1.669513 2.34726222194806340049e-43
1.676100 2.50372985419993130437e-43
1.682688 2.66018302386005073986e-43
1.689277 2.81661946206365252338e-43
1.695868 2.97303687805900422117e-43
1.702459 3.12943295819419771971e-43
1.709052 3.28580536490757661293e-43
1.715647 3.44215173572212839682e-43
1.722243 3.59846968224441817090e-43
1.728841 3.75475678916708967068e-43
1.735440 3.91101061327700982828e-43
1.742041 4.06722868246617894052e-43
1.748644 4.22340849474869378985e-43
1.755249 4.37954751728171619649e-43
1.761856 4.53564318539142396560e-43
1.768464 4.69169290160346231908e-43
1.775075 4.84769403467890981503e-43
1.781688 5.00364391865431859972e-43
1.788304 5.15953985188826084703e-43
1.794922 5.31537909611079692833e-43
1.801542 5.47115887548015550953e-43
1.808164 5.62687637564353975618e-43
1.814790 5.78252874280252323628e-43
1.821417 5.93811308278493528310e-43
1.828048 6.09362646012106443355e-43
1.834682 6.24906589712471283144e-43
1.841318 6.40442837297995151019e-43
1.847957 6.55971082283291860786e-43
1.854599 6.71491013688826144526e-43
1.861245 6.87002315951045107557e-43
1.867894 7.02504668833090365399e-43
1.874546 7.17997747335805460325e-43
1.881201 7.33481221609444079047e-43
1.887860 7.48954756865662876266e-43
1.894522 7.64418013290006085704e-43
1.901188 7.79870645954819947319e-43
1.907858 7.95312304732656691682e-43
1.914531 8.10742634209870491916e-43
1.921209 8.26161273600906729238e-43
1.927890 8.41567856662657371821e-43
1.934576 8.56962011609294121911e-43
1.941266 8.72343361027374459597e-43
1.947960 8.87711521791320151463e-43
1.954658 9.03066104979044554028e-43
1.961361 9.18406715787830510545e-43
1.968068 9.33732953450509501475e-43
1.974780 9.49044411151688747033e-43
1.981497 9.64340675944148611258e-43
1.988218 9.79621328665482156051e-43
1.994945 9.94885943854519309189e-43
2.001676 1.01013408966796721491e-42
2.008413 1.02536532779704819486e-42
2.015155 1.04057921338391467618e-42
2.021902 1.05577529493818678765e-42
2.028654 1.07095311425290369804e-42
2.035413 1.08611220632087306809e-42
2.042176 1.10125209925019894505e-42
2.048946 1.11637231417972155916e-42
2.055722 1.13147236519407955741e-42
2.062503 1.14655175923832410053e-42
2.069291 1.16160999603188855429e-42
2.076085 1.17664656798206543745e-42
2.082885 1.19166096009698600651e-42
2.089691 1.20665264989751032475e-42
2.096505 1.22162110732865692786e-42
2.103324 1.23656579466991015623e-42
2.110151 1.25148616644477538856e-42
2.116985 1.26638166932901471746e-42
2.123826 1.28125174205797472195e-42
2.130673 1.29609581533252554176e-42
2.137529 1.31091331172373662975e-42
2.144391 1.32570364557596243925e-42
2.151262 1.34046622290870955543e-42
2.158140 1.35520044131638883788e-42
2.165025 1.36990568986670578814e-42
2.171919 1.38458134899683349268e-42
2.178821 1.39922679040790931452e-42
2.185732 1.41384137695691094871e-42
2.192650 1.42842446254676334917e-42
2.199578 1.44297539201362636083e-42
2.206514 1.45749350101199264691e-42
2.213458 1.47197811589652312331e-42
2.220412 1.48642855360172534650e-42
2.227375 1.50084412151793560961e-42
2.234348 1.51522411736452220826e-42
2.241330 1.52956782905959282553e-42
2.248322 1.54387453458601900702e-42
2.255323 1.55814350185406607569e-42
2.262335 1.57237398855966848928e-42
2.269356 1.58656524203883812636e-42
2.276388 1.60071649911772215708e-42
2.283431 1.61482698595799634074e-42
2.290484 1.62889591789745738162e-42
2.297549 1.64292249928572321810e-42
2.304624 1.65690592331448270720e-42
2.311711 1.67084537184270094284e-42
2.318809 1.68474001521525657478e-42
2.325919 1.69858901207621932917e-42
2.333040 1.71239150917546808619e-42
2.340174 1.72614664116883654400e-42
2.347320 1.73985353041124067553e-42
2.354479 1.75351128674251205461e-42
2.361650 1.76711900726591984612e-42
2.368835 1.78067577611831249550e-42
2.376032 1.79418066423272345614e-42
2.383243 1.80763272909146488377e-42
2.390468 1.82103101447090762125e-42
2.397706 1.83437455017663795245e-42
2.404958 1.84766235176861133198e-42
2.412225 1.86089342027629926741e-42
2.419507 1.87406674190303344522e-42
2.426803 1.88718128771926257432e-42
2.434115 1.90023601334403277548e-42
2.441442 1.91322985861461664153e-42
2.448784 1.92616174724308436022e-42
2.456143 1.93903058646009919604e-42
2.463518 1.95183526664464310267e-42
2.470909 1.96457466093956891548e-42
2.478317 1.97724762485214752986e-42
2.485742 1.98985299583908784994e-42
2.493185 2.00238959287529318062e-42
2.500645 2.01485621600569739043e-42
2.508124 2.02725164587940118595e-42
2.515621 2.03957464326552319596e-42
2.523136 2.05182394855003176849e-42
2.530671 2.06399828121231359461e-42
2.538225 2.07609633928128830649e-42
2.545798 2.08811679876960404263e-42
2.553392 2.10005831308555457838e-42
2.561006 2.11191951242122529495e-42
2.568641 2.12369900311649106119e-42
2.576298 2.13539536699711840633e-42
2.583975 2.14700716068659983749e-42
2.591675 2.15853291489033686081e-42
2.599398 2.16997113365078380469e-42
2.607143 2.18132029357278138853e-42
2.614911 2.19257884301753824263e-42
2.622703 2.20374520126404676191e-42
2.630520 2.21481775763654443586e-42
2.638360 2.22579487059673152474e-42
2.646226 2.23667486679896846599e-42
2.654118 2.24745604010742960847e-42
2.662035 2.25813665057305622833e-42
2.669979 2.26871492336915096701e-42
2.677950 2.27918904768331039932e-42
2.685949 2.28955717556471374962e-42
2.693976 2.29981742072364115397e-42
2.702031 2.30996785728314308809e-42
2.710115 2.32000651847846785095e-42
2.718230 2.32993139530453609071e-42
2.726374 2.33974043510710176205e-42
2.734550 2.34943154011714070419e-42
2.742757 2.35900256592471638281e-42
2.750996 2.36845131989058250217e-42
2.759269 2.37777555949283780892e-42
2.767574 2.38697299060561545299e-42
2.775914 2.39604126570752050002e-42
2.784289 2.40497798201649176822e-42
2.792699 2.41378067954843899676e-42
2.801146 2.42244683909600397864e-42
2.809629 2.43097388012506016253e-42
2.818150 2.43935915858468506044e-42
2.826710 2.44759996462771973475e-42
2.835310 2.45569352023797979018e-42
2.843949 2.46363697676051461543e-42
2.852630 2.47142741233136865201e-42
2.861352 2.47906182920187169442e-42
2.870117 2.48653715095454700563e-42
2.878926 2.49385021960521659319e-42
2.887779 2.50099779258814613799e-42
2.896678 2.50797653961809967638e-42
2.905624 2.51478303942625262763e-42
2.914617 2.52141377636399703740e-42
2.923658 2.52786513686997287101e-42
2.932750 2.53413340579580894095e-42
2.941891 2.54021476258442732015e-42
2.951085 2.54610527729645854889e-42
2.960332 2.55180090647885535287e-42
2.969633 2.55729748887014083955e-42
2.978989 2.56259074093742140932e-42
2.988401 2.56767625223826151441e-42
2.997872 2.57254948060291149668e-42
3.007401 2.57720574713060216367e-42
3.016991 2.58164023099357451844e-42
3.026643 2.58584796404494539136e-42
3.036358 2.58982382522197769431e-42
3.046138 2.59356253474187148219e-42
3.055984 2.59705864808296266656e-42
3.065897 2.60030654974642584427e-42
3.075880 2.60330044679381762398e-42
3.085933 2.60603436215520101687e-42
3.096059 2.60850212770375441506e-42
3.106259 2.61069737709290600562e-42
3.116536 2.61261353835294635405e-42
3.126889 2.61424382624320015110e-42
3.137323 2.61558123435938115322e-42
0.006245 2.58144844510988916503e-42
0.016843 2.57993667384923372065e-42
0.027526 2.57810004451306926373e-42
0.038297 2.57593115008990418654e-42
0.049157 2.57342235286526817442e-42
0.060109 2.57056577743412177813e-42
0.071155 2.56735330364366475630e-42
0.082296 2.56377655948433802494e-42
0.093537 2.55982691395190461632e-42
0.104878 2.55549546990483069807e-42
0.116322 2.55077305694652360545e-42
0.127872 2.54565022436430847919e-42
0.139530 2.54011723416151602769e-42
0.151299 2.53416405422507773133e-42
0.163182 2.52778035167407398453e-42
0.175182 2.52095548644143028326e-42
0.187300 2.51367850514728273328e-42
0.199541 2.50593813532677305376e-42
0.211908 2.49772278008577706245e-42
0.224402 2.48902051326156427935e-42
0.237028 2.47981907517651658163e-42
0.249789 2.47010586908030694452e-42
0.262687 2.45986795838486730834e-42
0.275727 2.44909206480744304994e-42
0.288911 2.43776456754681949328e-42
0.302244 2.42587150362748743215e-42
0.315728 2.41339856956034649926e-42
0.329367 2.40033112447810344870e-42
0.343166 2.38665419491665778026e-42
0.357128 2.37235248142628979239e-42
0.371256 2.35741036720850100393e-42
0.385555 2.34181192898798737958e-42
0.400028 2.32554095033927884060e-42
0.414680 2.30858093770338679394e-42
0.429514 2.29091513933689258328e-42
0.444536 2.27252656744945805647e-42
0.459748 2.25339802379282551662e-42
0.475155 2.23351212897323828764e-42
0.490761 2.21285135576255638742e-42
0.506571 2.19139806668733982558e-42
0.522588 2.16913455617353625589e-42
0.538818 2.14604309751979580045e-42
0.555263 2.12210599496324882058e-42
0.571929 2.09730564108679947223e-42
0.588820 2.07162457979763787039e-42
0.605939 2.04504557507734008631e-42
0.623291 2.01755168567132767255e-42
0.640879 1.98912634584129216845e-42
0.658708 1.95975345225277235978e-42
0.676781 1.92941745700886579369e-42
0.695101 1.89810346677033838159e-42
0.713673 1.86579734781991836817e-42
0.732500 1.83248583683923245779e-42
0.751583 1.79815665706374877009e-42
0.770927 1.76279863937194060399e-42
0.790533 1.72640184774481397103e-42
0.810404 1.68895770840806876666e-42
0.830541 1.65045914183664369084e-42
0.850946 1.61090069667010673169e-42
0.871621 1.57027868445361550905e-42
0.892564 1.52859131399069624018e-42
0.913777 1.48583882397377660291e-42
0.935259 1.44202361244868961935e-42
0.957010 1.39715036157680831837e-42
0.979026 1.35122615608787896089e-42
1.001308 1.30426059377010264712e-42
1.023851 1.25626588632710493221e-42
1.046651 1.20725694894852631552e-42
1.069706 1.15725147699312493538e-42
1.093009 1.10627000827108112311e-42
1.116556 1.05433596953920128904e-42
1.140339 1.00147570598228317691e-42
1.164351 9.47718492648682790444e-43
1.188584 8.93096527026337379053e-43
1.213030 8.37644902187901345110e-43
1.237678 7.81401560186631425983e-43
1.262518 7.24407225643486350259e-43
1.287539 6.66705319719127250646e-43
1.312728 6.08341854905948629949e-43
1.338074 5.49365311294357411240e-43
1.363562 4.89826495160489862079e-43
1.389178 4.29778380883896087977e-43
1.414908 3.69275937331378475497e-43
1.440737 3.08375939939502263937e-43
1.466648 2.47136769795272955710e-43
1.492626 1.85618201058320749398e-43
1.518655 1.23881178096981254587e-43
1.544717 6.19875837312740369779e-44
1.570796 1.22069526576660233108e-54
