0.000000 0.00000000000000000000e+00
0.108331 2.08932032780785255502e-43
0.216662 4.18061562696078182267e-43
0.324992 6.26904398620060780055e-43
0.433323 8.34732372164432356254e-43
0.541654 1.04048821497229584447e-42
0.649985 1.24272556630468359436e-42
0.758315 1.43957902532172078662e-42
0.866646 1.62876697443039245917e-42
0.974977 1.80762754995546478876e-42
1.083308 1.97318581310480879160e-42
1.191639 2.12224805961519301380e-42
1.299969 2.25151745931618670970e-42
1.408300 2.35772395915719302876e-42
1.516631 2.43776069049967131593e-42
1.624962 2.48881901748282012850e-42
1.733292 2.50851482007812249888e-42
1.841623 2.49499954820597147275e-42
1.949954 2.44705089952529413465e-42
2.058285 2.36413952566735908135e-42
2.166616 2.24646981168625289730e-42
2.274946 2.09499435770254470498e-42
2.383277 1.91140319480472928047e-42
2.491608 1.69808989361296042510e-42
2.599939 1.45809751531920324038e-42
2.708270 1.19504779417616305467e-42
2.816600 9.13057049752088557248e-43
2.924931 6.16642163539864124440e-43
3.033262 3.10619599738676989264e-43
3.141593 -5.94177088355812795706e-55
