0.105658 0.00000000000000000000e+00
0.115373 2.68808703417942077569e-42
0.125087 4.15250617494734132112e-42
0.134801 5.51348609573822384211e-42
0.144515 6.85580658102513539627e-42
0.154229 8.20474769337910147713e-42
0.163943 9.56824187963977310325e-42
0.173658 1.09469780792257199500e-41
0.183372 1.23378575352493725074e-41
0.193086 1.37354054472159889137e-41
0.202800 1.51323942384171822312e-41
0.212514 1.65201077599561231443e-41
0.222228 1.78884148906226816262e-41
0.231943 1.92257229855216050199e-41
0.241657 2.05188386725049706063e-41
0.251371 2.17527408119476109729e-41
0.261085 2.29102547040804010820e-41
0.270799 2.39716013333623019392e-41
0.280513 2.49137756830509847056e-41
0.290228 2.57096778354642082500e-41
0.299942 2.63268692205834236173e-41
0.309656 2.67257330349705299361e-41
0.319370 2.68566364815010001254e-41
0.329084 2.66553125771549151692e-41
0.338799 2.60348069595767341755e-41
0.348513 2.48700798754046210336e-41
0.358227 2.29644967752832444488e-41
0.367941 1.99609143802086709975e-41
0.377655 1.50036202745371328050e-41
0.387369 0.00000000000000000000e+00
