0.497611 9.57169605854993988828e-43
0.504946 9.71081595882865267398e-43
0.512282 9.84980070970059903577e-43
0.519617 9.98864558072085841336e-43
0.526952 1.01273457532589887534e-42
0.534287 1.02658963201874416282e-42
0.541623 1.04042922855995626637e-42
0.548958 1.05425285645625252881e-42
0.556293 1.06805999828989831468e-42
0.563628 1.08185012770036574312e-42
0.570964 1.09562270936911679254e-42
0.578299 1.10937719900751300748e-42
0.585634 1.12311304334816389439e-42
0.592970 1.13682968013933054901e-42
0.600305 1.15052653814281273863e-42
0.607640 1.16420303713483928110e-42
0.614975 1.17785858791039217425e-42
0.622311 1.19149259229068839272e-42
0.629646 1.20510444313415342366e-42
0.636981 1.21869352435022397436e-42
0.644316 1.23225921091694415035e-42
0.651652 1.24580086890132357691e-42
0.658987 1.25931785548338384701e-42
0.666322 1.27280951898314932170e-42
0.673657 1.28627519889111740254e-42
0.680993 1.29971422590169036194e-42
0.688328 1.31312592195020166668e-42
0.695663 1.32650960025283647160e-42
0.702999 1.33986456535000593653e-42
0.710334 1.35319011315282727586e-42
