0.306409 0.00000000000000000000e+00
0.309142 2.03997984866647960006e-43
0.311874 2.90194654681246744086e-43
0.314606 3.57480618900382713206e-43
0.317339 4.15153486994512863752e-43
0.320071 4.66788655041944975951e-43
0.322803 5.14206656012234869009e-43
0.325535 5.58481058879304688785e-43
0.328268 6.00306092963427679962e-43
0.331000 6.40160232202585824815e-43
0.333732 6.78389060901191129054e-43
0.336465 7.15251308578735035854e-43
0.339197 7.50946263123623967419e-43
0.341929 7.85631006397590368567e-43
0.344662 8.19431735484377570091e-43
0.347394 8.52451471906482556589e-43
0.350126 8.84775472261521557857e-43
0.352859 9.16475124545821575537e-43
0.355591 9.47610816864614051936e-43
0.358323 9.78234090717341335968e-43
0.361056 1.00838928493412386299e-42
0.363788 1.03811480975801628814e-42
0.366520 1.06744414761706277836e-42
0.369253 1.09640664874000510995e-42
0.371985 1.12502817058712021140e-42
0.374717 1.15333159685170242938e-42
0.377449 1.18133726251908080712e-42
0.380182 1.20906330486400766894e-42
0.382914 1.23652595549087005502e-42
0.385646 1.26373978501918690579e-42
0.388379 1.29071790941821722966e-42
0.391111 1.31747216504540862868e-42
0.393843 1.34401325796215184758e-42
0.396576 1.37035089196953674519e-42
0.399308 1.39649387892912726230e-42
0.402040 1.42245023425146157152e-42
0.404773 1.44822725989904039319e-42
0.407505 1.47383161682493292657e-42
0.410237 1.49926938843049727434e-42
0.412970 1.52454613635247785824e-42
0.415702 1.54966694967227317054e-42
0.418434 1.57463648846032544984e-42
0.421166 1.59945902242350417529e-42
0.423899 1.62413846530475467874e-42
0.426631 1.64867840558393590777e-42
0.429363 1.67308213394847093752e-42
0.432096 1.69735266793396114582e-42
0.434828 1.72149277407760316620e-42
0.437560 1.74550498787966813127e-42
0.440293 1.76939163182826640809e-42
0.443025 1.79315483170794451366e-42
0.445757 1.81679653138413595100e-42
0.448490 1.84031850623093975301e-42
0.451222 1.86372237534733128048e-42
0.453954 1.88700961269117007255e-42
0.456687 1.91018155724183424221e-42
0.459419 1.93323942229213997334e-42
0.462151 1.95618430395518118190e-42
0.464883 1.97901718896450514861e-42
0.467616 2.00173896183574728206e-42
0.470348 2.02435041145030902333e-42
0.473080 2.04685223711536700361e-42
0.475813 2.06924505414915642464e-42
0.478545 2.09152939903312938967e-42
0.481277 2.11370573417134725668e-42
0.484010 2.13577445229061228580e-42
0.486742 2.15773588051286937467e-42
0.489474 2.17959028412795453348e-42
0.492207 2.20133787009131707038e-42
0.494939 2.22297879027055929394e-42
0.497671 2.24451314446038398370e-42
0.500404 2.26594098318509668217e-42
0.503136 2.28726231030530615779e-42
0.505868 2.30847708544472910591e-42
0.508601 2.32958522624972497842e-42
0.511333 2.35058661049619731454e-42
0.514065 2.37148107805369700374e-42
0.516797 2.39226843271781603762e-42
0.519530 2.41294844392114113993e-42
0.522262 2.43352084833077288010e-42
0.524994 2.45398535134045347282e-42
0.527727 2.47434162846575971404e-42
0.530459 2.49458932664759404186e-42
0.533191 2.51472806547141760334e-42
0.535924 2.53475743830750292238e-42
0.538656 2.55467701337727570559e-42
0.541388 2.57448633475077007934e-42
0.544121 2.59418492328014826931e-42
0.546853 2.61377227747226794616e-42
0.549585 2.63324787430544674780e-42
0.552318 2.65261116999239399561e-42
0.555050 2.67186160069450053535e-42
0.557782 2.69099858318834601657e-42
0.560514 2.71002151548934976922e-42
0.563247 2.72892977743282622600e-42
0.565979 2.74772273121687177426e-42
0.568711 2.76639972190868186438e-42
0.571444 2.78496007791521535851e-42
0.574176 2.80340311142187309850e-42
0.576908 2.82172811879982474359e-42
0.579641 2.83993438098366522720e-42
0.582373 2.85802116382196061274e-42
0.585105 2.87598771840016750537e-42
0.587838 2.89383328133961275304e-42
0.590570 2.91155707507165150100e-42
0.593302 2.92915830808957102685e-42
0.596035 2.94663617517824736563e-42
0.598767 2.96398985762400967966e-42
0.601499 2.98121852340329866331e-42
0.604232 2.99832132735367348940e-42
0.606964 3.01529741132577812104e-42
0.609696 3.03214590431813855342e-42
0.612428 3.04886592259542439871e-42
0.615161 3.06545656979019711747e-42
0.617893 3.08191693698911923159e-42
0.620625 3.09824610280443253488e-42
0.623358 3.11444313343079196569e-42
0.626090 3.13050708268793243162e-42
0.628822 3.14643699204978861802e-42
0.631555 3.16223189066051575745e-42
0.634287 3.17789079533740371341e-42
0.637019 3.19341271056144842518e-42
0.639752 3.20879662845543606100e-42
0.642484 3.22404152875021598786e-42
0.645216 3.23914637873940916844e-42
0.647949 3.25411013322207150878e-42
0.650681 3.26893173443453820014e-42
0.653413 3.28361011197072515406e-42
0.656145 3.29814418269197401947e-42
0.658878 3.31253285062523576688e-42
0.661610 3.32677500685099221181e-42
0.664342 3.34086952938067077839e-42
0.667075 3.35481528302256606071e-42
0.669807 3.36861111923806009165e-42
0.672539 3.38225587598718355238e-42
0.675272 3.39574837756281887370e-42
0.678004 3.40908743441530591457e-42
0.680736 3.42227184296576600088e-42
0.683469 3.43530038540941752364e-42
0.686201 3.44817182950753788972e-42
0.688933 3.46088492836902640584e-42
0.691666 3.47343842022116854834e-42
0.694398 3.48583102816876237795e-42
0.697130 3.49806145994324925860e-42
0.699862 3.51012840763902337265e-42
0.702595 3.52203054744028782858e-42
0.705327 3.53376653933366916433e-42
0.708059 3.54533502681193283922e-42
0.710792 3.55673463656312320928e-42
0.713524 3.56796397814865764058e-42
0.716256 3.57902164366901362274e-42
0.718989 3.58990620741548270057e-42
0.721721 3.60061622550974808562e-42
0.724453 3.61115023552987829161e-42
0.727186 3.62150675612170765642e-42
0.729918 3.63168428659709870802e-42
0.732650 3.64168130651683947747e-42
0.735383 3.65149627525894044334e-42
0.738115 3.66112763157107320181e-42
0.740847 3.67057379310780721670e-42
0.743580 3.67983315595063480431e-42
0.746312 3.68890409411173319898e-42
0.749044 3.69778495902002481844e-42
0.751776 3.70647407898888383589e-42
0.754509 3.71496975866583507844e-42
0.757241 3.72327027846223859310e-42
0.759973 3.73137389396378191607e-42
0.762706 3.73927883531953378541e-42
0.765438 3.74698330660987026888e-42
0.768170 3.75448548519236651894e-42
0.770903 3.76178352102407125869e-42
0.773635 3.76887553596039595317e-42
0.776367 3.77575962302867063296e-42
0.779100 3.78243384567601461559e-42
0.781832 3.78889623699022662232e-42
0.784564 3.79514479889254216624e-42
0.787297 3.80117750130186822284e-42
0.790029 3.80699228126738419300e-42
0.792761 3.81258704207089833480e-42
0.795493 3.81795965229525731836e-42
0.798226 3.82310794485875155242e-42
0.800958 3.82802971601332291382e-42
0.803690 3.83272272430579107850e-42
0.806423 3.83718468949911045106e-42
0.809155 3.84141329145342701288e-42
0.811887 3.84540616896369346566e-42
0.814620 3.84916091855326278472e-42
0.817352 3.85267509321949529501e-42
0.820084 3.85594620113142706259e-42
0.822817 3.85897170427503448353e-42
0.825549 3.86174901704564964174e-42
0.828281 3.86427550478224884086e-42
0.831014 3.86654848224450198105e-42
0.833746 3.86856521202535715296e-42
0.836478 3.87032290289994998522e-42
0.839211 3.87181870810478081004e-42
0.841943 3.87304972354518038961e-42
0.844675 3.87401298592640026719e-42
0.847407 3.87470547080479745146e-42
0.850140 3.87512409055470503008e-42
0.852872 3.87526569224716656628e-42
0.855604 3.87512705543405166911e-42
0.858337 3.87470488983418366622e-42
0.861069 3.87399583291498338799e-42
0.863801 3.87299644736449229708e-42
0.866534 3.87170321844702662640e-42
0.869266 3.87011255123517126213e-42
0.871998 3.86822076771348320976e-42
0.874731 3.86602410374264912986e-42
0.877463 3.86351870587917938783e-42
0.880195 3.86070062804023955049e-42
0.882928 3.85756582800454762728e-42
0.885660 3.85411016373925724465e-42
0.888392 3.85032938954253028219e-42
0.891124 3.84621915198916256539e-42
0.893857 3.84177498566806891398e-42
0.896589 3.83699230869682581037e-42
0.899321 3.83186641800058749033e-42
0.902054 3.82639248433717023887e-42
0.904786 3.82056554705429014303e-42
0.907518 3.81438050855825430260e-42
0.910251 3.80783212847665030938e-42
0.912983 3.80091501749141035353e-42
0.915715 3.79362363082137025723e-42
0.918448 3.78595226132709876937e-42
0.921180 3.77789503221298302938e-42
0.923912 3.76944588929462934446e-42
0.926645 3.76059859280143479523e-42
0.929377 3.75134670867781664037e-42
0.932109 3.74168359934539358358e-42
0.934841 3.73160241388452263603e-42
0.937574 3.72109607758824060646e-42
0.940306 3.71015728084071486675e-42
0.943038 3.69877846726261503184e-42
0.945771 3.68695182106550239839e-42
0.948503 3.67466925354718726511e-42
0.951235 3.66192238865657656155e-42
0.953968 3.64870254754588789724e-42
0.956700 3.63500073202366587745e-42
0.959432 3.62080760680706210490e-42
0.962165 3.60611348046923462599e-42
0.964897 3.59090828495563404175e-42
0.967629 3.57518155353923414880e-42
0.970362 3.55892239706364376283e-42
0.973094 3.54211947830710991886e-42
0.975826 3.52476098428122078704e-42
0.978559 3.50683459625644422022e-42
0.981291 3.48832745727877084890e-42
0.984023 3.46922613691599646942e-42
0.986755 3.44951659293463630457e-42
0.989488 3.42918412957434605948e-42
0.992220 3.40821335203858910496e-42
0.994952 3.38658811677132193560e-42
0.997685 3.36429147702949268862e-42
1.000417 3.34130562319089215613e-42
1.003149 3.31761181715791887328e-42
1.005882 3.29319032012302643547e-42
1.008614 3.26802031284768899945e-42
1.011346 3.24207980748243235278e-42
1.014079 3.21534554979234150119e-42
1.016811 3.18779291047643627245e-42
1.019543 3.15939576404602886888e-42
1.022276 3.13012635346240733674e-42
1.025008 3.09995513842598681081e-42
1.027740 3.06885062481780638151e-42
1.030472 3.03677917233719327476e-42
1.033205 3.00370477680816959749e-42
1.035937 2.96958882293441387495e-42
1.038669 2.93438980241932687264e-42
1.041402 2.89806299130045608364e-42
1.044134 2.86056007900906427537e-42
1.046866 2.82182873997974625903e-42
1.049599 2.78181213649396471957e-42
1.052331 2.74044833870307015872e-42
1.055063 2.69766964424049772731e-42
1.057796 2.65340177522895071810e-42
1.060528 2.60756292443345711946e-42
1.063260 2.56006261426077094365e-42
1.065993 2.51080032148707174233e-42
1.068725 2.45966380586732091905e-42
1.071457 2.40652706046314546120e-42
1.074190 2.35124777308679380758e-42
1.076922 2.29366414780127698462e-42
1.079654 2.23359087683754569156e-42
1.082386 2.17081396678841306006e-42
1.085119 2.10508399238820087626e-42
1.087851 2.03610714927941223375e-42
1.090583 1.96353315614017868063e-42
1.093316 1.88693852982539037468e-42
1.096048 1.80580286114533027722e-42
1.098780 1.71947412918453972299e-42
1.101513 1.62711612840075906347e-42
1.104245 1.52762521989932487738e-42
1.106977 1.41949114735952596105e-42
1.109710 1.30054760102592239733e-42
1.112442 1.16748199095749834489e-42
1.115174 1.01473869610205418566e-42
1.117907 8.31525998078840742560e-43
1.120639 5.90092741388071749649e-43
1.123371 0.00000000000000000000e+00
