0.000000 0.00000000000000000000e+00
0.108331 5.62629691965530955498e-43
0.216662 1.10773063358860948467e-42
0.324992 1.61844648205048342714e-42
0.433323 2.07940721149942796508e-42
0.541654 2.47737924278166014177e-42
0.649985 2.80180604725443779947e-42
0.758315 3.04521283580048249363e-42
0.866646 3.20345687882352297850e-42
0.974977 3.27581385515572081075e-42
1.083308 3.26489980591672695730e-42
1.191639 3.17643717837945936137e-42
1.299969 3.01888153157681911992e-42
1.408300 2.80293226850932885341e-42
1.516631 2.54095590216685459390e-42
1.624962 2.24635363182390451758e-42
1.733292 1.93290632345580046687e-42
1.841623 1.61412941451265090975e-42
1.949954 1.30266798362393282910e-42
2.058285 1.00975852408770475386e-42
2.166616 7.44779187550893695189e-43
2.274946 5.14904804830345515623e-43
2.383277 3.24877225882307286859e-43
2.491608 1.76895798881098853557e-43
2.599939 7.06274200942295899797e-44
2.708270 3.33074916209225945537e-45
2.816600 -2.99149639249528373542e-44
2.924931 -3.58893927554612231716e-44
3.033262 -2.28345964388959438790e-44
3.141593 4.67512264054139651202e-56
