1.443072 0.00000000000000000000e+00
1.450035 3.00696833455336982643e-43
1.456998 4.28482089003283251476e-43
1.463962 5.28750187029998084586e-43
1.470925 6.15142469289505587423e-43
1.477888 6.92899531734126112552e-43
1.484851 7.64688115617996243191e-43
1.491815 8.32080304357860236646e-43
1.498778 8.96092687510184219617e-43
1.505741 9.57426125667547864653e-43
1.512705 1.01658713442226363890e-42
1.519668 1.07395527937310994566e-42
1.526631 1.12982328737070294883e-42
1.533594 1.18442225290084942339e-42
1.540558 1.23793818684738110531e-42
1.547521 1.29052328013005917488e-42
1.554484 1.34230380546406452965e-42
1.561447 1.39338580519751995266e-42
1.568411 1.44385927736768589935e-42
1.575374 1.49380131661123726647e-42
1.582337 1.54327851125185115173e-42
1.589300 1.59234880046407617281e-42
1.596264 1.64106293258685674810e-42
1.603227 1.68946562414317188727e-42
1.610190 1.73759649107937436697e-42
1.617153 1.78549080442268681056e-42
1.624117 1.83318010901291382610e-42
1.631080 1.88069273431515226142e-42
1.638043 1.92805421934531996585e-42
1.645006 1.97528766862636331885e-42
1.651970 2.02241405230357914367e-42
1.658933 2.06945246069787055025e-42
1.665896 2.11642032142185265594e-42
1.672859 2.16333358552742183917e-42
1.679823 2.21020688787892674044e-42
1.686786 2.25705368594843918946e-42
1.693749 2.30388638045061786060e-42
1.700713 2.35071642061184773500e-42
1.707676 2.39755439637872681932e-42
1.714639 2.44441011947251124613e-42
1.721602 2.49129269487805251221e-42
1.728566 2.53821058409610829616e-42
1.735529 2.58517166127473730476e-42
1.742492 2.63218326316384600787e-42
1.749455 2.67925223369127546883e-42
1.756419 2.72638496384084005605e-42
1.763382 2.77358742741423691375e-42
1.770345 2.82086521317465594409e-42
1.777308 2.86822355380103666989e-42
1.784272 2.91566735202403271567e-42
1.791235 2.96320120426312177573e-42
1.798198 3.01082942204498939498e-42
1.805161 3.05855605144402828606e-42
1.812125 3.10638489075925176441e-42
1.819088 3.15431950661093392711e-42
1.826051 3.20236324862189727326e-42
1.833014 3.25051926282596640575e-42
1.839978 3.29879050393094149337e-42
1.846941 3.34717974654725872129e-42
1.853904 3.39568959548241640112e-42
1.860868 3.44432249518913600126e-42
1.867831 3.49308073844546106786e-42
1.874794 3.54196647433676072134e-42
1.881757 3.59098171560253618341e-42
1.888721 3.64012834540351453949e-42
1.895684 3.68940812355941094982e-42
1.902647 3.73882269230220102295e-42
1.909610 3.78837358158589296941e-42
1.916574 3.83806221398780295082e-42
1.923537 3.88788990923687677976e-42
1.930500 3.93785788839556574494e-42
1.937463 3.98796727772469498886e-42
1.944427 4.03821911225445549500e-42
1.951390 4.08861433908370954328e-42
1.958353 4.13915382042801268045e-42
1.965316 4.18983833643417380613e-42
1.972280 4.24066858777816304284e-42
1.979243 4.29164519806136666936e-42
1.986206 4.34276871601928670601e-42
1.993169 4.39403961755427011641e-42
2.000133 4.44545830760526534401e-42
2.007096 4.49702512186364921022e-42
2.014059 4.54874032834576093028e-42
2.021022 4.60060412883010169682e-42
2.027986 4.65261666016776238150e-42
2.034949 4.70477799547416588924e-42
2.041912 4.75708814520609160119e-42
2.048876 4.80954705813436631673e-42
2.055839 4.86215462221380841405e-42
2.062802 4.91491066535868509223e-42
2.069765 4.96781495612734298278e-42
2.076729 5.02086720431877646385e-42
2.083692 5.07406706148842175376e-42
2.090655 5.12741412138460037099e-42
2.097618 5.18090792030868535350e-42
2.104582 5.23454793740419391263e-42
2.111545 5.28833359487596565553e-42
2.118508 5.34226425814095765584e-42
2.125471 5.39633923591700579987e-42
2.132435 5.45055778024679126125e-42
2.139398 5.50491908646267968808e-42
2.146361 5.55942229309187233385e-42
2.153324 5.61406648170562118261e-42
2.160288 5.66885067671066836553e-42
2.167251 5.72377384508827922598e-42
2.174214 5.77883489607868394829e-42
2.181177 5.83403268081367487773e-42
2.188141 5.88936599189688925119e-42
2.195104 5.94483356293479592887e-42
2.202067 6.00043406801627241290e-42
2.209031 6.05616612114283743696e-42
2.215994 6.11202827561039111274e-42
2.222957 6.16801902334155775678e-42
2.229920 6.22413679416902903362e-42
2.236884 6.28037995507209058828e-42
2.243847 6.33674680936235963420e-42
2.250810 6.39323559582291504416e-42
2.257773 6.44984448779865971168e-42
2.264737 6.50657159223666237532e-42
2.271700 6.56341494867919353457e-42
2.278663 6.62037252820618133472e-42
2.285626 6.67744223232834405178e-42
2.292590 6.73462189182948637724e-42
2.299553 6.79190926555930662119e-42
2.306516 6.84930203917304817360e-42
2.313479 6.90679782381937930178e-42
2.320443 6.96439415477609855061e-42
2.327406 7.02208849003064906657e-42
2.334369 7.07987820880699415434e-42
2.341332 7.13776061003549200485e-42
2.348296 7.19573291076657378753e-42
2.355259 7.25379224452630320069e-42
2.362222 7.31193565961260290678e-42
2.369186 7.37016011732996467935e-42
2.376149 7.42846249016327157715e-42
2.383112 7.48683955988781360101e-42
2.390075 7.54528801561415481292e-42
2.397039 7.60380445176540237905e-42
2.404002 7.66238536598810103145e-42
2.410965 7.72102715699102418982e-42
2.417928 7.77972612231278828566e-42
2.424892 7.83847845601482499524e-42
2.431855 7.89728024629940295880e-42
2.438818 7.95612747304705434276e-42
2.445781 8.01501600527607754137e-42
2.452745 8.07394159851700063222e-42
2.459708 8.13289989210153657921e-42
2.466671 8.19188640636531902683e-42
2.473634 8.25089653975766652501e-42
2.480598 8.30992556585840067395e-42
2.487561 8.36896863029868494198e-42
2.494524 8.42802074758092390543e-42
2.501487 8.48707679779636941970e-42
2.508451 8.54613152323600492589e-42
2.515414 8.60517952489177915297e-42
2.522377 8.66421525884416315353e-42
2.529340 8.72323303253238567876e-42
2.536304 8.78222700090183479480e-42
2.543267 8.84119116242849956742e-42
2.550230 8.90011935501091238082e-42
2.557194 8.95900525172943513015e-42
2.564157 9.01784235646359837586e-42
2.571120 9.07662399936879597171e-42
2.578083 9.13534333219991414754e-42
2.585047 9.19399332348263296691e-42
2.592010 9.25256675352309140491e-42
2.598973 9.31105620925083344581e-42
2.605936 9.36945407888987868062e-42
2.612900 9.42775254645006919648e-42
2.619863 9.48594358603380515203e-42
2.626826 9.54401895594859009562e-42
2.633789 9.60197019261948903742e-42
2.640753 9.65978860429493191319e-42
2.647716 9.71746526453564626015e-42
2.654679 9.77499100547991086710e-42
2.661642 9.83235641087454844520e-42
2.668606 9.88955180886571190049e-42
2.675569 9.94656726453503589306e-42
2.682532 1.00033925721762648028e-41
2.689495 1.00600172472980626061e-41
2.696459 1.01164305183427451523e-41
2.703422 1.01726213181121906762e-41
2.710385 1.02285782748824512305e-41
2.717349 1.02842897032016243086e-41
2.724312 1.03397435943536033910e-41
2.731275 1.03949276064725845093e-41
2.738238 1.04498290542974856085e-41
2.745202 1.05044348985475528683e-41
2.752165 1.05587317349048467426e-41
2.759128 1.06127057825851354983e-41
2.766091 1.06663428724802865396e-41
2.773055 1.07196284348543167094e-41
2.780018 1.07725474865695085169e-41
2.786981 1.08250846178271558652e-41
2.793944 1.08772239783971490345e-41
2.800908 1.09289492633130735057e-41
2.807871 1.09802436980130746566e-41
2.814834 1.10310900228951847128e-41
2.821797 1.10814704772645575947e-41
2.828761 1.11313667826398169075e-41
2.835724 1.11807601253957983102e-41
2.842687 1.12296311387011664634e-41
2.849650 1.12779598837269171419e-41
2.856614 1.13257258300831066083e-41
2.863577 1.13729078354525900178e-41
2.870540 1.14194841243772680635e-41
2.877504 1.14654322661581335504e-41
2.884467 1.15107291518237797781e-41
2.891430 1.15553509701219319270e-41
2.898393 1.15992731824817658760e-41
2.905357 1.16424704968970448932e-41
2.912320 1.16849168406732212109e-41
2.919283 1.17265853319791910345e-41
2.926246 1.17674482501410447703e-41
2.933210 1.18074770046111906410e-41
2.940173 1.18466421025407470766e-41
2.947136 1.18849131148809403069e-41
2.954099 1.19222586409327029845e-41
2.961063 1.19586462712560100837e-41
2.968026 1.19940425488517423982e-41
2.974989 1.20284129285140203484e-41
2.981952 1.20617217342516007870e-41
2.988916 1.20939321146638686894e-41
2.995879 1.21250059961551535089e-41
3.002842 1.21549040338548937703e-41
3.009805 1.21835855601103476188e-41
3.016769 1.22110085304016984989e-41
3.023732 1.22371294665229996357e-41
3.030695 1.22619033968573061256e-41
3.037658 1.22852837935628680835e-41
3.044622 1.23072225064733945722e-41
3.051585 1.23276696934986947868e-41
3.058548 1.23465737472952181542e-41
3.065512 1.23638812179571833826e-41
3.072475 1.23795367314601650758e-41
3.079438 1.23934829035598822526e-41
3.086401 1.24056602488351050788e-41
3.093365 1.24160070845211790879e-41
3.100328 1.24244594287643936900e-41
3.107291 1.24309508928805568281e-41
3.114254 1.24354125671704432189e-41
3.121218 1.24377728998021830651e-41
3.128181 1.24379575682150375514e-41
3.135144 1.24358893424563329640e-41
3.142107 1.24314879397957424929e-41
3.149071 1.24246698698934429751e-41
3.156034 1.24153482697267705902e-41
3.162997 1.24034327273900216879e-41
3.169960 1.23888290937787386527e-41
3.176924 1.23714392810708629385e-41
3.183887 1.23511610467697547381e-41
3.190850 1.23278877619462745483e-41
3.197813 1.23015081621298660420e-41
3.204777 1.22719060791174132505e-41
3.211740 1.22389601517293881393e-41
3.218703 1.22025435132871707636e-41
3.225667 1.21625234532765045493e-41
3.232630 1.21187610502915546932e-41
3.239593 1.20711107729427854599e-41
3.246556 1.20194200448969568081e-41
3.253520 1.19635287696245996174e-41
3.260483 1.19032688097202125281e-41
3.267446 1.18384634147969879803e-41
3.274409 1.17689265909380158352e-41
3.281373 1.16944624034298785099e-41
3.288336 1.16148642029860214522e-41
3.295299 1.15299137638029344667e-41
3.302262 1.14393803195005765954e-41
3.309226 1.13430194801361167620e-41
3.316189 1.12405720099383030040e-41
3.323152 1.11317624409167352131e-41
3.330115 1.10162974918473163270e-41
3.337079 1.08938642548856366829e-41
3.344042 1.07641281027513463940e-41
3.351005 1.06267302573253386703e-41
3.357968 1.04812849446507982607e-41
3.364932 1.03273760403385544849e-41
3.371895 1.01645530813084473372e-41
3.378858 9.99232648179503682419e-42
3.385822 9.81016173950344922444e-42
3.392785 9.61747234551083987605e-42
3.399748 9.41361100967753961444e-42
3.406711 9.19785866753666769825e-42
3.413675 8.96941052220120333737e-42
3.420638 8.72735805926616967908e-42
3.427601 8.47066549362138904329e-42
3.434564 8.19813836203871715585e-42
3.441528 7.90838078446067773945e-42
3.448491 7.59973595302620283192e-42
3.455454 7.27020105107478827637e-42
3.462417 6.91730182219982841296e-42
3.469381 6.53790081058471414446e-42
3.476344 6.12789105396513227080e-42
3.483307 5.68167953369928611139e-42
3.490270 5.19125369671887308599e-42
3.497234 4.64433231191079779976e-42
3.504197 4.02019812294338140420e-42
3.511160 3.27824887482086670705e-42
3.518123 2.31287816196046956465e-42
3.525087 0.00000000000000000000e+00
