0.829377 0.00000000000000000000e+00
0.829542 4.96527408141768217264e-43
0.829707 7.00594787461732842609e-43
0.829872 8.56087904042333205128e-43
0.830037 9.86258349890137453368e-43
0.830202 1.10013449003170842428e-42
0.830366 1.20235740689494743700e-42
0.830531 1.29569039289920771838e-42
0.830696 1.38193792533351782412e-42
0.830861 1.46235617957574444115e-42
0.831026 1.53786177989088788160e-42
0.831191 1.60914821200845637406e-42
0.831356 1.67675541056426464579e-42
0.831520 1.74111367877603290633e-42
0.831685 1.80257264800201009194e-42
0.831850 1.86142107379478664406e-42
0.832015 1.91790078333410708376e-42
0.832180 1.97221675834142231207e-42
0.832345 2.02454458773713208782e-42
0.832510 2.07503608365331129402e-42
0.832674 2.12382358593510326044e-42
0.832839 2.17102331145541120461e-42
0.833004 2.21673799545544629582e-42
0.833169 2.26105899984989553126e-42
0.833334 2.30406801450354591397e-42
0.833499 2.34583844370780002959e-42
0.833664 2.38643654634182042509e-42
0.833828 2.42592238125238358601e-42
0.833993 2.46435059709845741870e-42
0.834158 2.50177109688354975201e-42
0.834323 2.53822960068889204314e-42
0.834488 2.57376812507210341963e-42
0.834653 2.60842539376265152668e-42
0.834818 2.64223719133694711491e-42
0.834982 2.67523666927981396518e-42
0.835147 2.70745461205261975614e-42
0.835312 2.73891966938996448337e-42
0.835477 2.76965855992907088234e-42
0.835642 2.79969625039130376870e-42
0.835807 2.82905611381711123740e-42
0.835972 2.85776006977763777686e-42
0.836136 2.88582870901702815089e-42
0.836301 2.91328140459123180377e-42
0.836466 2.94013641125443664754e-42
0.836631 2.96641095457999263194e-42
0.836796 2.99212131108671799246e-42
0.836961 3.01728288045752101405e-42
0.837126 3.04191025078692942687e-42
0.837290 3.06601725766413089764e-42
0.837455 3.08961703779093211142e-42
0.837620 3.11272207774099144012e-42
0.837785 3.13534425839051701896e-42
0.837950 3.15749489548009587294e-42
0.838115 3.17918477671476044703e-42
0.838280 3.20042419575596340520e-42
0.838444 3.22122298342017536797e-42
0.838609 3.24159053635814479839e-42
0.838774 3.26153584346248337948e-42
0.838939 3.28106751021754378320e-42
0.839104 3.30019378118675760922e-42
0.839269 3.31892256080734439285e-42
0.839434 3.33726143264717904084e-42
0.839598 3.35521767726030616353e-42
0.839763 3.37279828876336409759e-42
0.839928 3.39000999024506273158e-42
0.840093 3.40685924810525841568e-42
0.840258 3.42335228541608136345e-42
0.840423 3.43949509438245569708e-42
0.840588 3.45529344797811923471e-42
0.840752 3.47075291082068126037e-42
0.840917 3.48587884934673433390e-42
0.841082 3.50067644134127256737e-42
0.841247 3.51515068486999929884e-42
0.841412 3.52930640666102141849e-42
0.841577 3.54314826997494134458e-42
0.841742 3.55668078200262656066e-42
0.841906 3.56990830082396826589e-42
0.842071 3.58283504195876771293e-42
0.842236 3.59546508453842270166e-42
0.842401 3.60780237712635323745e-42
0.842566 3.61985074320865971270e-42
0.842731 3.63161388637897435136e-42
0.842896 3.64309539523824924750e-42
0.843060 3.65429874802657869760e-42
0.843225 3.66522731700656801629e-42
0.843390 3.67588437261304101247e-42
0.843555 3.68627308738359473265e-42
0.843720 3.69639653968448777461e-42
0.843885 3.70625771724540026671e-42
0.844050 3.71585952051256862452e-42
0.844214 3.72520476583214131636e-42
0.844379 3.73429618847636209252e-42
0.844544 3.74313644551710123591e-42
0.844709 3.75172811856073874919e-42
0.844874 3.76007371634739194223e-42
0.845039 3.76817567722761386006e-42
0.845204 3.77603637151834426523e-42
0.845368 3.78365810374846636038e-42
0.845533 3.79104311479837000804e-42
0.845698 3.79819358393900104660e-42
0.845863 3.80511163077846220826e-42
0.846028 3.81179931711600569247e-42
0.846193 3.81825864871416375557e-42
0.846357 3.82449157698911672581e-42
0.846522 3.83050000062475319016e-42
0.846687 3.83628576711475110245e-42
0.846852 3.84185067423611706793e-42
0.847017 3.84719647145623060860e-42
0.847182 3.85232486127937069035e-42
0.847347 3.85723750053265122952e-42
0.847511 3.86193600159622642105e-42
0.847676 3.86642193357967632389e-42
0.847841 3.87069682344752948245e-42
0.848006 3.87476215709479496104e-42
0.848171 3.87861938037732066411e-42
0.848336 3.88226990009644011443e-42
0.848501 3.88571508494105563878e-42
0.848665 3.88895626639003189907e-42
0.848830 3.89199473957375847777e-42
0.848995 3.89483176409938550700e-42
0.849160 3.89746856484031859941e-42
0.849325 3.89990633269038855882e-42
0.849490 3.90214622528582342899e-42
0.849655 3.90418936769467877250e-42
0.849819 3.90603685307648796393e-42
0.849984 3.90768974331157873853e-42
0.850149 3.90914906960274386119e-42
0.850314 3.91041583304923469091e-42
0.850479 3.91149100519495175433e-42
0.850644 3.91237552854976113307e-42
0.850809 3.91307031708830428584e-42
0.850973 3.91357625672295836125e-42
0.851138 3.91389420575488321267e-42
0.851303 3.91402499530269694205e-42
0.851468 3.91396942970901320134e-42
0.851633 3.91372828692598472861e-42
0.851798 3.91330231888071020251e-42
0.851963 3.91269225182042284860e-42
0.852127 3.91189878663798906696e-42
0.852292 3.91092259917948158953e-42
0.852457 3.90976434053181477365e-42
0.852622 3.90842463729344405406e-42
0.852787 3.90690409182649121769e-42
0.852952 3.90520328249197270845e-42
0.853117 3.90332276386804493494e-42
0.853281 3.90126306695139594027e-42
0.853446 3.89902469934124114543e-42
0.853611 3.89660814540860338405e-42
0.853776 3.89401386644827857705e-42
0.853941 3.89124230081573521842e-42
0.854106 3.88829386404718826158e-42
0.854271 3.88516894896564806165e-42
0.854435 3.88186792577022719632e-42
0.854600 3.87839114210992292460e-42
0.854765 3.87473892314334029087e-42
0.854930 3.87091157158200192159e-42
0.855095 3.86690936771886755664e-42
0.855260 3.86273256944074296090e-42
0.855425 3.85838141222646634838e-42
0.855589 3.85385610912914795637e-42
0.855754 3.84915685074315608314e-42
0.855919 3.84428380515417110757e-42
0.856084 3.83923711787611370596e-42
0.856249 3.83401691176957854611e-42
0.856414 3.82862328694549046097e-42
0.856579 3.82305632065231417852e-42
0.856743 3.81731606714685138162e-42
0.856908 3.81140255754721680447e-42
0.857073 3.80531579967021541032e-42
0.857238 3.79905577785018872407e-42
0.857403 3.79262245274018676599e-42
0.857568 3.78601576109542607781e-42
0.857733 3.77923561553724575494e-42
0.857897 3.77228190429940501065e-42
0.858062 3.76515449095276312030e-42
0.858227 3.75785321411154067408e-42
0.858392 3.75037788711833917950e-42
0.858557 3.74272829770740476345e-42
0.858722 3.73490420764613087606e-42
0.858887 3.72690535235419653297e-42
0.859051 3.71873144049886616759e-42
0.859216 3.71038215356572018260e-42
0.859381 3.70185714540501884209e-42
0.859546 3.69315604175116075298e-42
0.859711 3.68427843971600571784e-42
0.859876 3.67522390725225829278e-42
0.860041 3.66599198259069659956e-42
0.860205 3.65658217364347783859e-42
0.860370 3.64699395737803723693e-42
0.860535 3.63722677915754035023e-42
0.860700 3.62728005204630582251e-42
0.860865 3.61715315607944411541e-42
0.861030 3.60684543749512739914e-42
0.861194 3.59635620792703087112e-42
0.861359 3.58568474355581950505e-42
0.861524 3.57483028421744671550e-42
0.861689 3.56379203246595622920e-42
0.861854 3.55256915258899461608e-42
0.862019 3.54116076957277310223e-42
0.862184 3.52956596801555212256e-42
0.862348 3.51778379098512232042e-42
0.862513 3.50581323881813259459e-42
0.862678 3.49365326785896604332e-42
0.862843 3.48130278913331124756e-42
0.863008 3.46876066695408003862e-42
0.863173 3.45602571745503011761e-42
0.863338 3.44309670704930971385e-42
0.863502 3.42997235080680744638e-42
0.863667 3.41665131074685229096e-42
0.863832 3.40313219404130340159e-42
0.863997 3.38941355112200662446e-42
0.864162 3.37549387368729805215e-42
0.864327 3.36137159260117906390e-42
0.864492 3.34704507567862097961e-42
0.864656 3.33251262534983933513e-42
0.864821 3.31777247619577113715e-42
0.864986 3.30282279234618999844e-42
0.865151 3.28766166473190170085e-42
0.865316 3.27228710818158398408e-42
0.865481 3.25669705835090689253e-42
0.865646 3.24088936847613772560e-42
0.865810 3.22486180593591860490e-42
0.865975 3.20861204861090106933e-42
0.866140 3.19213768102581975489e-42
0.866305 3.17543619025753513750e-42
0.866470 3.15850496159304623551e-42
0.866635 3.14134127391933878808e-42
0.866800 3.12394229482333021440e-42
0.866964 3.10630507538095327377e-42
0.867129 3.08842654461108951019e-42
0.867294 3.07030350356836532872e-42
0.867459 3.05193261904537737490e-42
0.867624 3.03331041685354446642e-42
0.867789 3.01443327464738002033e-42
0.867954 2.99529741425426875098e-42
0.868118 2.97589889346854773300e-42
0.868283 2.95623359726299311517e-42
0.868448 2.93629722836711588599e-42
0.868613 2.91608529715551502208e-42
0.868778 2.89559311078641389013e-42
0.868943 2.87481576151693390476e-42
0.869108 2.85374811412344338871e-42
0.869272 2.83238479233775064584e-42
0.869437 2.81072016420663963956e-42
0.869602 2.78874832626738503340e-42
0.869767 2.76646308642103439488e-42
0.869932 2.74385794537062460305e-42
0.870097 2.72092607647400129742e-42
0.870262 2.69766030384469444211e-42
0.870426 2.67405307850949863776e-42
0.870591 2.65009645240991695980e-42
0.870756 2.62578205000268051116e-42
0.870921 2.60110103718598058760e-42
0.871086 2.57604408723279889691e-42
0.871251 2.55060134337805973513e-42
0.871416 2.52476237764265914918e-42
0.871580 2.49851614542617634800e-42
0.871745 2.47185093532235745933e-42
0.871910 2.44475431352951435551e-42
0.872075 2.41721306212755785561e-42
0.872240 2.38921311037134644266e-42
0.872405 2.36073945801411954703e-42
0.872570 2.33177608949629857172e-42
0.872734 2.30230587763753116942e-42
0.872899 2.27231047521543622867e-42
0.873064 2.24177019251721632159e-42
0.873229 2.21066385857733765256e-42
0.873394 2.17896866336541202050e-42
0.873559 2.14665997762442030584e-42
0.873724 2.11371114636318325648e-42
0.873888 2.08009325113553667022e-42
0.874053 2.04577483513336911436e-42
0.874218 2.01072158372849068411e-42
0.874383 1.97489595130003508300e-42
0.874548 1.93825672287604900670e-42
0.874713 1.90075849609843821543e-42
0.874878 1.86235106505968023276e-42
0.875042 1.82297868227010713101e-42
0.875207 1.78257916792778202849e-42
0.875372 1.74108282598064897588e-42
0.875537 1.69841111312857176330e-42
0.875702 1.65447498820817189572e-42
0.875867 1.60917284278452973266e-42
0.876032 1.56238787520054502717e-42
0.876196 1.51398471333738057292e-42
0.876361 1.46380500526351318766e-42
0.876526 1.41166156371762240178e-42
0.876691 1.35733043841105475237e-42
0.876856 1.30053994210196168213e-42
0.877021 1.24095506394582938012e-42
0.877185 1.17815465175918170129e-42
0.877350 1.11159678251325297455e-42
0.877515 1.04056385568036806296e-42
0.877680 9.64070674973390791317e-43
0.877845 8.80699503309003234333e-43
0.878010 7.88275461636401380132e-43
0.878175 6.83139346876569725621e-43
0.878339 5.58160385809375226841e-43
0.878504 3.94940937878245801041e-43
0.878669 0.00000000000000000000e+00
