0.211317 0.00000000000000000000e+00
0.213221 8.71214981363762128915e-43
0.215126 1.24115696602909184430e-42
0.217030 1.53116537679045914054e-42
0.218935 1.78075912657738511239e-42
0.220839 2.00511088143500452487e-42
0.222744 2.21193448081709631322e-42
0.224648 2.40577191269030217163e-42
0.226553 2.58955585961413680389e-42
0.228457 2.76530452181894196036e-42
0.230362 2.93447335314187951462e-42
0.232267 3.09815033314986042085e-42
0.234171 3.25717217250905718774e-42
0.236076 3.41219732739752399936e-42
0.237980 3.56375392781797201652e-42
0.239885 3.71227239312658546157e-42
0.241789 3.85810830799330158260e-42
0.243694 4.00155888518066947560e-42
0.245598 4.14287507855880017853e-42
0.247503 4.28227066935675470721e-42
0.249407 4.41992919860016230904e-42
0.251312 4.55600933639390549558e-42
0.253216 4.69064909667385281345e-42
0.255121 4.82396918576595348275e-42
0.257025 4.95607569185357306716e-42
0.258930 5.08706226649706624153e-42
0.260834 5.21701191012377145257e-42
0.262739 5.34599844545922262922e-42
0.264643 5.47408774266799924191e-42
0.266548 5.60133874516624543055e-42
0.268452 5.72780433409160609136e-42
0.270357 5.85353206117105185829e-42
0.272261 5.97856477348432269861e-42
0.274166 6.10294114883439818184e-42
0.276071 6.22669615674136025038e-42
0.277975 6.34986145719453162909e-42
0.279880 6.47246574703594827128e-42
0.281784 6.59453506205546119686e-42
0.283689 6.71609304145569595627e-42
0.285593 6.83716116019310515446e-42
0.287498 6.95775893378437596103e-42
0.289402 7.07790409941273552363e-42
0.291307 7.19761277655620179203e-42
0.293211 7.31689960986144056337e-42
0.295116 7.43577789656699513780e-42
0.297020 7.55425970043781695834e-42
0.298925 7.67235595388891359737e-42
0.300829 7.79007654973424693895e-42
0.302734 7.90743042379631413824e-42
0.304638 8.02442562944454634815e-42
0.306543 8.14106940498576275888e-42
0.308447 8.25736823470789302792e-42
0.310352 8.37332790427871106826e-42
0.312256 8.48895355110502904040e-42
0.314161 8.60424971019107788124e-42
0.316066 8.71922035596357037739e-42
0.317970 8.83386894047384127835e-42
0.319875 8.94819842834631001831e-42
0.321779 9.06221132879050417387e-42
0.323684 9.17590972496481741643e-42
0.325588 9.28929530094312677211e-42
0.327493 9.40236936651261406256e-42
0.329397 9.51513287999964161007e-42
0.331302 9.62758646930787804256e-42
0.333206 9.73973045132520503741e-42
0.335111 9.85156484984492566598e-42
0.337015 9.96308941213224561127e-42
0.338920 1.00743036242473385019e-41
0.340824 1.01852067252365869905e-41
0.342729 1.02957977202803511792e-41
0.344633 1.04060753928847302359e-41
0.346538 1.05160383161973057095e-41
0.348442 1.06256848635114199022e-41
0.350347 1.07350132180271736330e-41
0.352251 1.08440213819253935557e-41
0.354156 1.09527071848035215602e-41
0.356061 1.10610682915296980867e-41
0.357965 1.11691022095474530375e-41
0.359870 1.12768062956807712036e-41
0.361774 1.13841777624702495677e-41
0.363679 1.14912136840737478847e-41
0.365583 1.15979110017658235254e-41
0.367488 1.17042665290592581543e-41
0.369392 1.18102769564757333163e-41
0.371297 1.19159388559931618921e-41
0.373201 1.20212486851834117001e-41
0.375106 1.21262027910683729969e-41
0.377010 1.22307974137066787422e-41
0.378915 1.23350286895312245062e-41
0.380819 1.24388926544528377772e-41
0.382724 1.25423852467421684846e-41
0.384628 1.26455023097064861428e-41
0.386533 1.27482395941694255456e-41
0.388437 1.28505927607705091585e-41
0.390342 1.29525573820887284405e-41
0.392246 1.30541289446040580141e-41
0.394151 1.31553028505062879063e-41
0.396056 1.32560744193551323759e-41
0.397960 1.33564388896040516393e-41
0.399865 1.34563914199926728266e-41
0.401769 1.35559270908126225802e-41
0.403674 1.36550409050605024729e-41
0.405578 1.37537277894697766967e-41
0.407483 1.38519825954438141330e-41
0.409387 1.39498000998804650793e-41
0.411292 1.40471750059005197307e-41
0.413196 1.41441019434838718377e-41
0.415101 1.42405754700119066016e-41
0.417005 1.43365900707284675546e-41
0.418910 1.44321401591128541777e-41
0.420814 1.45272200771767130590e-41
0.422719 1.46218240956809354453e-41
0.424623 1.47159464142797033383e-41
0.426528 1.48095811615913808101e-41
0.428432 1.49027223952012337300e-41
0.430337 1.49953641015927993646e-41
0.432241 1.50875001960172961734e-41
0.434146 1.51791245222942681102e-41
0.436051 1.52702308525528766932e-41
0.437955 1.53608128869101831022e-41
0.439860 1.54508642530896676647e-41
0.441764 1.55403785059775652288e-41
0.443669 1.56293491271268502615e-41
0.445573 1.57177695241983980485e-41
0.447478 1.58056330303480419450e-41
0.449382 1.58929329035563353929e-41
0.451287 1.59796623259043246917e-41
0.453191 1.60658144027937853098e-41
0.455096 1.61513821621098137592e-41
0.457000 1.62363585533344949797e-41
0.458905 1.63207364465987399142e-41
0.460809 1.64045086316861875861e-41
0.462714 1.64876678169804976109e-41
0.464618 1.65702066283534663540e-41
0.466523 1.66521176080052840571e-41
0.468427 1.67333932132443156476e-41
0.470332 1.68140258152125379970e-41
0.472236 1.68940076975550354369e-41
0.474141 1.69733310550318916223e-41
0.476046 1.70519879920740912220e-41
0.477950 1.71299705212763096812e-41
0.479855 1.72072705618369907582e-41
0.481759 1.72838799379314096944e-41
0.483664 1.73597903770297173616e-41
0.485568 1.74349935081477584803e-41
0.487473 1.75094808600346963417e-41
0.489377 1.75832438592987822323e-41
0.491282 1.76562738284631180268e-41
0.493186 1.77285619839524289804e-41
0.495091 1.78000994340168698818e-41
0.496995 1.78708771765763601349e-41
0.498900 1.79408860969943767305e-41
0.500804 1.80101169657806061056e-41
0.502709 1.80785604362080456932e-41
0.504613 1.81462070418589133796e-41
0.506518 1.82130471940828808312e-41
0.508422 1.82790711793745383345e-41
0.510327 1.83442691566596277240e-41
0.512231 1.84086311544978661150e-41
0.514136 1.84721470681875561576e-41
0.516040 1.85348066567773024638e-41
0.517945 1.85965995399783445895e-41
0.519850 1.86575151949755107439e-41
0.521754 1.87175429531321582434e-41
0.523659 1.87766719965839110508e-41
0.525563 1.88348913547245386209e-41
0.527468 1.88921899005656389252e-41
0.529372 1.89485563469850905257e-41
0.531277 1.90039792428400281122e-41
0.533181 1.90584469689564693934e-41
0.535086 1.91119477339757803769e-41
0.536990 1.91644695700654423547e-41
0.538895 1.92160003284811642957e-41
0.540799 1.92665276749758595974e-41
0.542704 1.93160390850491734546e-41
0.544608 1.93645218390324068730e-41
0.546513 1.94119630170041600119e-41
0.548417 1.94583494935209805955e-41
0.550322 1.95036679321639044275e-41
0.552226 1.95479047798917984636e-41
0.554131 1.95910462611894881559e-41
0.556035 1.96330783720032057532e-41
0.557940 1.96739868734563805390e-41
0.559845 1.97137572853315249438e-41
0.561749 1.97523748793123615981e-41
0.563654 1.97898246719732528725e-41
0.565558 1.98260914175019391854e-41
0.567463 1.98611596001475288556e-41
0.569367 1.98950134263783999371e-41
0.571272 1.99276368167360942373e-41
0.573176 1.99590133973696600369e-41
0.575081 1.99891264912422053169e-41
0.576985 2.00179591089785719844e-41
0.578890 2.00454939393550461696e-41
0.580794 2.00717133393971526183e-41
0.582699 2.00965993240751385755e-41
0.584603 2.01201335555743774142e-41
0.586508 2.01422973321170148411e-41
0.588412 2.01630715763123402813e-41
0.590317 2.01824368230139472024e-41
0.592221 2.02003732066510609548e-41
0.594126 2.02168604480134692224e-41
0.596030 2.02318778404530775098e-41
0.597935 2.02454042354768729308e-41
0.599840 2.02574180276897433659e-41
0.601744 2.02678971390573777363e-41
0.603649 2.02768190024491295169e-41
0.605553 2.02841605444144424572e-41
0.607458 2.02898981671561566110e-41
0.609362 2.02940077296462848534e-41
0.611267 2.02964645278376829738e-41
0.613171 2.02972432739153988663e-41
0.615076 2.02963180745313945790e-41
0.616980 2.02936624079530830034e-41
0.618885 2.02892491000701427472e-41
0.620789 2.02830502991732120807e-41
0.622694 2.02750374494391451873e-41
0.624598 2.02651812630274822573e-41
0.626503 2.02534516907055755772e-41
0.628407 2.02398178909017442837e-41
0.630312 2.02242481970797767003e-41
0.632216 2.02067100833212628997e-41
0.634121 2.01871701279898038223e-41
0.636025 2.01655939753508119171e-41
0.637930 2.01419462949891260320e-41
0.639835 2.01161907388788701860e-41
0.641739 2.00882898959243541269e-41
0.643644 2.00582052437931968415e-41
0.645548 2.00258970978310713668e-41
0.647453 1.99913245568424962528e-41
0.649357 1.99544454454940733557e-41
0.651262 1.99152162530711331489e-41
0.653166 1.98735920683044669880e-41
0.655071 1.98295265099458872388e-41
0.656975 1.97829716527458743522e-41
0.658880 1.97338779484485549765e-41
0.660784 1.96821941413849871489e-41
0.662689 1.96278671781976019427e-41
0.664593 1.95708421111855737389e-41
0.666498 1.95110619947026453037e-41
0.668402 1.94484677739782332245e-41
0.670307 1.93829981656687702966e-41
0.672211 1.93145895293627685274e-41
0.674116 1.92431757291783008055e-41
0.676020 1.91686879844908292041e-41
0.677925 1.90910547087221832932e-41
0.679830 1.90102013349842845628e-41
0.681734 1.89260501272277812589e-41
0.683639 1.88385199753888753416e-41
0.685543 1.87475261728113119803e-41
0.687448 1.86529801740286172658e-41
0.689352 1.85547893307121905184e-41
0.691257 1.84528566033181253376e-41
0.693161 1.83470802456010397920e-41
0.695066 1.82373534587882817283e-41
0.696970 1.81235640117330420206e-41
0.698875 1.80055938228252913966e-41
0.700779 1.78833184988069378077e-41
0.702684 1.77566068248801944437e-41
0.704588 1.76253201996244510003e-41
0.706493 1.74893120071701631381e-41
0.708397 1.73484269178310829190e-41
0.710302 1.72025001068940100775e-41
0.712206 1.70513563794456908688e-41
0.714111 1.68948091869479439429e-41
0.716015 1.67326595185946353690e-41
0.717920 1.65646946472645142211e-41
0.719824 1.63906867058829449966e-41
0.721729 1.62103910650970224558e-41
0.723634 1.60235444770551267132e-41
0.725538 1.58298629424271136982e-41
0.727443 1.56290392481801570109e-41
0.729347 1.54207401113836840554e-41
0.731252 1.52046028486727071593e-41
0.733156 1.49802314708170344243e-41
0.735061 1.47471920755512751784e-41
0.736965 1.45050073772487143970e-41
0.738870 1.42531501660948939530e-41
0.740774 1.39910354276732931960e-41
0.742679 1.37180107698518932985e-41
0.744583 1.34333446879966032628e-41
0.746488 1.31362120373525919117e-41
0.748392 1.28256758507992411669e-41
0.750297 1.25006643062695929967e-41
0.752201 1.21599411552056561763e-41
0.754106 1.18020671795999788186e-41
0.756010 1.14253490950617076919e-41
0.757915 1.10277704890723841811e-41
0.759819 1.06068963845559895492e-41
0.761724 1.01597379181007065168e-41
0.763629 9.68255457443576743324e-42
0.765533 9.17055455491737556806e-42
0.767438 8.61742050418357816486e-42
0.769342 8.01451688765242746032e-42
0.771247 7.34947007924561243326e-42
0.773151 6.60337887637917412409e-42
0.775056 5.74457632377642941599e-42
0.776960 4.71161268228620640782e-42
0.778865 3.34663251602704979616e-42
0.780769 0.00000000000000000000e+00
