0.000000 0.00000000000000000000e+00
0.108331 1.17410380478883518429e-42
0.216662 2.32056375182241341129e-42
0.324992 3.41272771000012091445e-42
0.433323 4.42606789809185539421e-42
0.541654 5.33910074653856608955e-42
0.649985 6.13413998229635353619e-42
0.758315 6.79784520855302085084e-42
0.866646 7.32154204683567272610e-42
0.974977 7.70130496543482220835e-42
1.083308 7.93780905283819968743e-42
1.191639 8.03597105366291607106e-42
1.299969 8.00441194215224613946e-42
1.408300 7.85478235524955288288e-42
1.516631 7.60099781440160971984e-42
1.624962 7.25843261989544538269e-42
1.733292 6.84311971265008169292e-42
1.841623 6.37099907094780537484e-42
1.949954 5.85724999147268434376e-42
2.058285 5.31573371147133781927e-42
2.166616 4.75856315866810579310e-42
2.274946 4.19580705327147260642e-42
2.383277 3.63532691992099774528e-42
2.491608 3.08273841499726407652e-42
2.599939 2.54148313413188823527e-42
2.708270 2.01299388853666651391e-42
2.816600 1.49693523707334399912e-42
2.924931 9.91501531161039949369e-43
3.033262 4.93756408189194960520e-43
3.141593 -9.41436055951732559657e-55
