0.987354 0.00000000000000000000e+00
0.988796 4.67680467779327358550e-42
0.990238 6.60040071831215971341e-42
0.991681 8.06710916665372097327e-42
0.993123 9.29576649775284770181e-42
0.994565 1.03713189766724726274e-41
0.996007 1.13374201496400946442e-41
0.997450 1.22200528244591601541e-41
0.998892 1.30361784376487109085e-41
1.000334 1.37976003598342694941e-41
1.001776 1.45129282120906281334e-41
1.003219 1.51886731694088167040e-41
1.004661 1.58299026216306448254e-41
1.006103 1.64406533116049137317e-41
1.007545 1.70242037171491935208e-41
1.008988 1.75832602232298208094e-41
1.010430 1.81200882754112020816e-41
1.011872 1.86366071824827428099e-41
1.013314 1.91344601802666357967e-41
1.014757 1.96150672224484860645e-41
1.016199 2.00796654382260235313e-41
1.017641 2.05293406083898563566e-41
1.019083 2.09650519849598355577e-41
1.020525 2.13876520996333245425e-41
1.021968 2.17979027460226464397e-41
1.023410 2.21964880029188013574e-41
1.024852 2.25840249425450881249e-41
1.026294 2.29610725083004089536e-41
1.027737 2.33281389309688837502e-41
1.029179 2.36856879675034803438e-41
1.030621 2.40341441834008234007e-41
1.032063 2.43738974522277655447e-41
1.033506 2.47053068098001742984e-41
1.034948 2.50287037728174303212e-41
1.036390 2.53443952103350515317e-41
1.037832 2.56526658396957728420e-41
1.039275 2.59537804053521685304e-41
1.040717 2.62479855885578991470e-41
1.042159 2.65355116875545487828e-41
1.043601 2.68165741011324263081e-41
1.045044 2.70913746430494745772e-41
1.046486 2.73601027103218741420e-41
1.047928 2.76229363248227764915e-41
1.049370 2.78800430645944500774e-41
1.050812 2.81315808988734771255e-41
1.052255 2.83776989387267418087e-41
1.053697 2.86185381135309373510e-41
1.055139 2.88542317820668961349e-41
1.056581 2.90849062858088678439e-41
1.058024 2.93106814509770304540e-41
1.059466 2.95316710450371005311e-41
1.060908 2.97479831926153535787e-41
1.062350 2.99597207551716037774e-41
1.063793 3.01669816782086104714e-41
1.065235 3.03698593093763377733e-41
1.066677 3.05684426903810217171e-41
1.068119 3.07628168253211315034e-41
1.069562 3.09530629277239212985e-41
1.071004 3.11392586483183656224e-41
1.072446 3.13214782853660119708e-41
1.073888 3.14997929791451213416e-41
1.075331 3.16742708920386718469e-41
1.076773 3.18449773754977064784e-41
1.078215 3.20119751250539884721e-41
1.079657 3.21753243243833996923e-41
1.081099 3.23350827793864490380e-41
1.082542 3.24913060430963132958e-41
1.083984 3.26440475321826630815e-41
1.085426 3.27933586357308027658e-41
1.086868 3.29392888169156765531e-41
1.088311 3.30818857081322686520e-41
1.089753 3.32211952000870839581e-41
1.091195 3.33572615253174265518e-41
1.092637 3.34901273365639819410e-41
1.094080 3.36198337803626094956e-41
1.095522 3.37464205662325127695e-41
1.096964 3.38699260317600646839e-41
1.098406 3.39903872038792621405e-41
1.099849 3.41078398566218073940e-41
1.101291 3.42223185655715640105e-41
1.102733 3.43338567592651448468e-41
1.104175 3.44424867677326324086e-41
1.105618 3.45482398683802164342e-41
1.107060 3.46511463293813886656e-41
1.108502 3.47512354507552842350e-41
1.109944 3.48485356032638584651e-41
1.111386 3.49430742652766097557e-41
1.112829 3.50348780577325950559e-41
1.114271 3.51239727773213889734e-41
1.115713 3.52103834279761505317e-41
1.117155 3.52941342508026866015e-41
1.118598 3.53752487525268226024e-41
1.120040 3.54537497325541723074e-41
1.121482 3.55296593087169807038e-41
1.122924 3.56029989417917422322e-41
1.124367 3.56737894588586080712e-41
1.125809 3.57420510755631556430e-41
1.127251 3.58078034173439126558e-41
1.128693 3.58710655396895173912e-41
1.130136 3.59318559474748169740e-41
1.131578 3.59901926134184149605e-41
1.133020 3.60460929957329521006e-41
1.134462 3.60995740549754102608e-41
1.135905 3.61506522701766098056e-41
1.137347 3.61993436542645313913e-41
1.138789 3.62456637688249727003e-41
1.140231 3.62896277382351489046e-41
1.141673 3.63312502631986678159e-41
1.143116 3.63705456337158164019e-41
1.144558 3.64075277415153720403e-41
1.146000 3.64422100919734585703e-41
1.147442 3.64746058155471898788e-41
1.148885 3.65047276787445172764e-41
1.150327 3.65325880946540980239e-41
1.151769 3.65581991330552962011e-41
1.153211 3.65815725301251950462e-41
1.154654 3.66027196977684415989e-41
1.156096 3.66216517325804304070e-41
1.157538 3.66383794244663895763e-41
1.158980 3.66529132649208960928e-41
1.160423 3.66652634550024555116e-41
1.161865 3.66754399129923282788e-41
1.163307 3.66834522817764894249e-41
1.164749 3.66893099359387466753e-41
1.166192 3.66930219885974650736e-41
1.167634 3.66945972979850824559e-41
1.169076 3.66940444737822887707e-41
1.170518 3.66913718832187626307e-41
1.171960 3.66865876569600715994e-41
1.173403 3.66796996947631382789e-41
1.174845 3.66707156709359370697e-41
1.176287 3.66596430396041030913e-41
1.177729 3.66464890397695623180e-41
1.179172 3.66312607002068294711e-41
1.180614 3.66139648441651781046e-41
1.182056 3.65946080939148712061e-41
1.183498 3.65731968751200073224e-41
1.184941 3.65497374210592812092e-41
1.186383 3.65242357766925790651e-41
1.187825 3.64966978025828802369e-41
1.189267 3.64671291786717168181e-41
1.190710 3.64355354079239895158e-41
1.192152 3.64019218198335957137e-41
1.193594 3.63662935738067743493e-41
1.195036 3.63286556624131349497e-41
1.196479 3.62890129145290599257e-41
1.197921 3.62473699983457628765e-41
1.199363 3.62037314242812006104e-41
1.200805 3.61581015477693808120e-41
1.202247 3.61104845719514179968e-41
1.203690 3.60608845502467991492e-41
1.205132 3.60093053888416964278e-41
1.206574 3.59557508490626741128e-41
1.208016 3.59002245496544888720e-41
1.209459 3.58427299689705630998e-41
1.210901 3.57832704470615615490e-41
1.212343 3.57218491876706051301e-41
1.213785 3.56584692601463219505e-41
1.215228 3.55931336012580391788e-41
1.216670 3.55258450169288121492e-41
1.218112 3.54566061838779046709e-41
1.219554 3.53854196511783792048e-41
1.220997 3.53122878417313976455e-41
1.222439 3.52372130536566617461e-41
1.223881 3.51601974615889044514e-41
1.225323 3.50812431179095003333e-41
1.226766 3.50003519538734672383e-41
1.228208 3.49175257806688290770e-41
1.229650 3.48327662903878615127e-41
1.231092 3.47460750569097974253e-41
1.232534 3.46574535367012166792e-41
1.233977 3.45669030695389988797e-41
1.235419 3.44744248791350702961e-41
1.236861 3.43800200736823373434e-41
1.238303 3.42836896463104790989e-41
1.239746 3.41854344754540101595e-41
1.241188 3.40852553251241003561e-41
1.242630 3.39831528450909060342e-41
1.244072 3.38791275709750262750e-41
1.245515 3.37731799242323162681e-41
1.246957 3.36653102120473209333e-41
1.248399 3.35555186271214676157e-41
1.249841 3.34438052473517764073e-41
1.251284 3.33301700354065879087e-41
1.252726 3.32146128381897337748e-41
1.254168 3.30971333861737015772e-41
1.255610 3.29777312926389372394e-41
1.257053 3.28564060527611792500e-41
1.258495 3.27331570425789006002e-41
1.259937 3.26079835178328700493e-41
1.261379 3.24808846126497178284e-41
1.262821 3.23518593380866143186e-41
1.264264 3.22209065805187347711e-41
1.265706 3.20880250998632804450e-41
1.267148 3.19532135276354578609e-41
1.268590 3.18164703648234369324e-41
1.270033 3.16777939795789998340e-41
1.271475 3.15371826047072002954e-41
1.272917 3.13946343349456684909e-41
1.274359 3.12501471240336787755e-41
1.275802 3.11037187815357436235e-41
1.277244 3.09553469694325345818e-41
1.278686 3.08050291984400446840e-41
1.280128 3.06527628240707209531e-41
1.281571 3.04985450423797764538e-41
1.283013 3.03423728854257093025e-41
1.284455 3.01842432163863110906e-41
1.285897 3.00241527243325199494e-41
1.287340 2.98620979186315904385e-41
1.288782 2.96980751229474584304e-41
1.290224 2.95320804688315615720e-41
1.291666 2.93641098888528305108e-41
1.293108 2.91941591092530457858e-41
1.294551 2.90222236420898767533e-41
1.295993 2.88482987768286444371e-41
1.297435 2.86723795713532201285e-41
1.298877 2.84944608423387645025e-41
1.300320 2.83145371549633208462e-41
1.301762 2.81326028118826300425e-41
1.303204 2.79486518414444060238e-41
1.304646 2.77626779850550608402e-41
1.306089 2.75746746836593451724e-41
1.307531 2.73846350632467957597e-41
1.308973 2.71925519193260173046e-41
1.310415 2.69984177002692659435e-41
1.311858 2.68022244894528234633e-41
1.313300 2.66039639860848014254e-41
1.314742 2.64036274846193859173e-41
1.316184 2.62012058526429426601e-41
1.317627 2.59966895070924072325e-41
1.319069 2.57900683886852677649e-41
1.320511 2.55813319343873987774e-41
1.321953 2.53704690477582440600e-41
1.323395 2.51574680669882950418e-41
1.324838 2.49423167304180208440e-41
1.326280 2.47250021393082840144e-41
1.327722 2.45055107176184402558e-41
1.329164 2.42838281685054522659e-41
1.330607 2.40599394272348355119e-41
1.332049 2.38338286101651294884e-41
1.333491 2.36054789594145648119e-41
1.334933 2.33748727827912004262e-41
1.336376 2.31419913885028325247e-41
1.337818 2.29068150141208656503e-41
1.339260 2.26693227491928653541e-41
1.340702 2.24294924508430874948e-41
1.342145 2.21873006516014412879e-41
1.343587 2.19427224586114749850e-41
1.345029 2.16957314432640448504e-41
1.346471 2.14462995201658022068e-41
1.347914 2.11943968142179512486e-41
1.349356 2.09399915144012360167e-41
1.350798 2.06830497126781454879e-41
1.352240 2.04235352261918431052e-41
1.353682 2.01614094006711233927e-41
1.355125 1.98966308926543271277e-41
1.356567 1.96291554277719424577e-41
1.358009 1.93589355318944181524e-41
1.359451 1.90859202314653735314e-41
1.360894 1.88100547187143886037e-41
1.362336 1.85312799767479069708e-41
1.363778 1.82495323586541566365e-41
1.365220 1.79647431137226549046e-41
1.366663 1.76768378526545889792e-41
1.368105 1.73857359421240768445e-41
1.369547 1.70913498172184561220e-41
1.370989 1.67935841980584123884e-41
1.372432 1.64923351941118595284e-41
1.373874 1.61874892763170245610e-41
1.375316 1.58789220928474306903e-41
1.376758 1.55664970990162839876e-41
1.378201 1.52500639650384671705e-41
1.379643 1.49294567167876450346e-41
1.381085 1.46044915536183075820e-41
1.382527 1.42749642730635198015e-41
1.383969 1.39406472135499909796e-41
1.385412 1.36012856016893682693e-41
1.386854 1.32565931579245450021e-41
1.388296 1.29062467701560288063e-41
1.389738 1.25498799847002171969e-41
1.391181 1.21870749806033845551e-41
1.392623 1.18173525763870820996e-41
1.394065 1.14401596515328254955e-41
1.395507 1.10548531229639847394e-41
1.396950 1.06606792584788426089e-41
1.398392 1.02567465670468801798e-41
1.399834 9.84198966550733909978e-42
1.401276 9.41512018190119490495e-42
1.402719 8.97455855293133286196e-42
1.404161 8.51833681697805954279e-42
1.405603 8.04395582431977725746e-42
1.407045 7.54816780376214257870e-42
1.408488 7.02663047294308304875e-42
1.409930 6.47332610396790284259e-42
1.411372 5.87951569458151794321e-42
1.412814 5.23167427089012062934e-42
1.414256 4.50685072785623021578e-42
1.415699 3.65994616300254837627e-42
1.417141 2.57364030882056283887e-42
1.418583 0.00000000000000000000e+00
