0.729876 nan
0.820836 1.89215325703759808838e-44
0.911796 3.67882339156952739128e-43
1.002755 1.29940648664480575082e-42
1.093715 2.96873656212635442948e-42
1.184674 5.50030787693590706935e-42
1.275634 8.99394529314048633372e-42
1.366593 1.35301252622808721817e-41
1.457553 1.91741731723096586186e-41
1.548513 2.59795299861069439081e-41
1.639472 3.39902720382989401470e-41
1.730432 4.32430520812036779249e-41
1.821391 5.37685982753020633253e-41
1.912351 6.55928771278298869518e-41
2.003311 7.87380008770500963815e-41
2.094270 9.32229399295557745777e-41
2.185230 1.09064085887182356455e-40
2.276189 1.26275699427249595803e-40
2.367149 1.44870268909944558953e-40
2.458108 1.64858799343181577022e-40
2.549068 1.86251046679825520942e-40
2.640028 2.09055708936661238737e-40
2.730987 2.33280583002346864779e-40
2.821947 2.58932694019953152806e-40
2.912906 2.86018402720498236686e-40
3.003866 3.14543494933153470886e-40
3.094825 3.44513256607948348121e-40
3.185785 3.75932537004118184718e-40
3.276745 4.08805802159740126015e-40
3.367704 4.43137180344814055912e-40
