1.570796 0.00000000000000000000e+00
1.577371 3.92103466551435703738e-45
1.583946 7.84198679025035123283e-45
1.590521 1.17627532585126980119e-44
1.597097 1.56832309423303041152e-44
1.603672 1.96033166982964923860e-44
1.610248 2.35229073643987109065e-44
1.616825 2.74418997568386095292e-44
1.623401 3.13601906668408527505e-44
1.629979 3.52776768574417650356e-44
1.636557 3.91942550602587918332e-44
1.643136 4.31098219722420806218e-44
1.649715 4.70242742523952206923e-44
1.656295 5.09375085184723703221e-44
1.662876 5.48494213436415805293e-44
1.669459 5.87599092531197717488e-44
1.676042 6.26688687207567066737e-44
1.682626 6.65761961656026737335e-44
1.689211 7.04817879484061541819e-44
1.695798 7.43855403680879910786e-44
1.702386 7.82873496581514761502e-44
1.708975 8.21871119830471231419e-44
1.715566 8.60847234344851877548e-44
1.722159 8.99800800276723663656e-44
1.728753 9.38730776975114354447e-44
1.735348 9.77636122947118470946e-44
1.741946 1.01651579581843600558e-43
1.748545 1.05536875229318757484e-43
1.755146 1.09419394811288851898e-43
1.761749 1.13299033801470451724e-43
1.768354 1.17175687568881029236e-43
1.774961 1.21049251373491771679e-43
1.781570 1.24919620361785005509e-43
1.788182 1.28786689562212430751e-43
1.794796 1.32650353880571988187e-43
1.801413 1.36510508095256303419e-43
1.808031 1.40367046852402418981e-43
1.814653 1.44219864660946259552e-43
1.821277 1.48068855887524618351e-43
1.827904 1.51913914751290419607e-43
1.834533 1.55754935318577812192e-43
1.841166 1.59591811497450848059e-43
1.847801 1.63424437032104899262e-43
1.854440 1.67252705497125214442e-43
1.861082 1.71076510291626212479e-43
1.867726 1.74895744633189608464e-43
1.874375 1.78710301551682898460e-43
1.881026 1.82520073882918594821e-43
1.887681 1.86324954262096163774e-43
1.894340 1.90124835117137086441e-43
1.901002 1.93919608661771278047e-43
1.907668 1.97709166888483354863e-43
1.914337 2.01493401561242121174e-43
1.921011 2.05272204208032194221e-43
1.927688 2.09045466113167893317e-43
1.934370 2.12813078309419502554e-43
1.941056 2.16574931569882886410e-43
1.947746 2.20330916399621333037e-43
1.954440 2.24080923027104995220e-43
1.961139 2.27824841395351069025e-43
1.967842 2.31562561152836319607e-43
1.974550 2.35293971644148539090e-43
1.981263 2.39018961900348659116e-43
1.987981 2.42737420629055068004e-43
1.994703 2.46449236204236670875e-43
2.001431 2.50154296655692747904e-43
2.008163 2.53852489658243945189e-43
2.014901 2.57543702520565138552e-43
2.021644 2.61227822173711706807e-43
2.028393 2.64904735159272822374e-43
2.035147 2.68574327617185771779e-43
2.041907 2.72236485273177691763e-43
2.048672 2.75891093425800828009e-43
2.055444 2.79538036933103334250e-43
2.062221 2.83177200198862966800e-43
2.069004 2.86808467158396578520e-43
2.075794 2.90431721263967795191e-43
2.082590 2.94046845469676259945e-43
2.089392 2.97653722215914233758e-43
2.096201 3.01252233413350127306e-43
2.103017 3.04842260426371974659e-43
2.109840 3.08423684056029162679e-43
2.116669 3.11996384522440673764e-43
2.123505 3.15560241446614083721e-43
2.130349 3.19115133831728046112e-43
2.137200 3.22660940043771167466e-43
2.144058 3.26197537791626406852e-43
2.150924 3.29724804106415205471e-43
2.157798 3.33242615320282879080e-43
2.164679 3.36750847044435297056e-43
2.171569 3.40249374146455244940e-43
2.178467 3.43738070726931407661e-43
2.185372 3.47216810095272167619e-43
2.192287 3.50685464744769454756e-43
2.199209 3.54143906326818138434e-43
2.206141 3.57592005624252607421e-43
2.213081 3.61029632523918586119e-43
2.220031 3.64456655988195979410e-43
2.226989 3.67872944025657903250e-43
2.233957 3.71278363660731762657e-43
2.240935 3.74672780902343658270e-43
2.247922 3.78056060711485902605e-43
2.254919 3.81428066967778658078e-43
2.261925 3.84788662434746188815e-43
2.268943 3.88137708724116865746e-43
2.275970 3.91475066258709302623e-43
2.283008 3.94800594234199504281e-43
2.290056 3.98114150579506883866e-43
2.297116 4.01415591915858252742e-43
2.304187 4.04704773514402495031e-43
2.311268 4.07981549252391698396e-43
2.318362 4.11245771567836580703e-43
2.325467 4.14497291412593677000e-43
2.332584 4.17735958203774204179e-43
2.339712 4.20961619773526777055e-43
2.346854 4.24174122316967756837e-43
2.354007 4.27373310338364535351e-43
2.361174 4.30559026595336455339e-43
2.368353 4.33731112041137170178e-43
2.375546 4.36889405764863992740e-43
2.382751 4.40033744929494904131e-43
2.389971 4.43163964707762302919e-43
2.397204 4.46279898215723223112e-43
2.404452 4.49381376443815015865e-43
2.411713 4.52468228185603676521e-43
2.418990 4.55540279963765050653e-43
2.426281 4.58597355953531510527e-43
2.433587 4.61639277903130316463e-43
2.440909 4.64665865051562311244e-43
2.448246 4.67676934043070169535e-43
2.455599 4.70672298838702042475e-43
2.462969 4.73651770624399553649e-43
2.470355 4.76615157715766986332e-43
2.477757 4.79562265459260872866e-43
2.485177 4.82492896129642031105e-43
2.492614 4.85406848823592311735e-43
2.500069 4.88303919349339535196e-43
2.507542 4.91183900112018279137e-43
2.515033 4.94046579994778942527e-43
2.522543 4.96891744235240281763e-43
2.530072 4.99719174297325325727e-43
2.537620 5.02528647738016761432e-43
2.545188 5.05319938069155971767e-43
2.552776 5.08092814613737462763e-43
2.560384 5.10847042356654472075e-43
2.568013 5.13582381789684036771e-43
2.575664 5.16298588750319221540e-43
2.583336 5.18995414254300987013e-43
2.591030 5.21672604321528052929e-43
2.598746 5.24329899795179393224e-43
2.606485 5.26967036153417702086e-43
2.614247 5.29583743313858868598e-43
2.622033 5.32179745430009878522e-43
2.629843 5.34754760679679603867e-43
2.637678 5.37308501044725721400e-43
2.645538 5.39840672082047113192e-43
2.653423 5.42350972685123178367e-43
2.661334 5.44839094836006222964e-43
2.669271 5.47304723347004792734e-43
2.677236 5.49747535592010952650e-43
2.685228 5.52167201226492398863e-43
2.693248 5.54563381896138490400e-43
2.701297 5.56935730933385718999e-43
2.709375 5.59283893041296737409e-43
2.717483 5.61607503964308327622e-43
2.725621 5.63906190145146711353e-43
2.733789 5.66179568367406467092e-43
2.741990 5.68427245383118060706e-43
2.750222 5.70648817524469846649e-43
2.758488 5.72843870299193628518e-43
2.766786 5.75011977968747455571e-43
2.775119 5.77152703108499826140e-43
2.783487 5.79265596149159455485e-43
2.791890 5.81350194898498257744e-43
2.800329 5.83406024042668971176e-43
2.808806 5.85432594625832359102e-43
2.817320 5.87429403507527483072e-43
2.825872 5.89395932796436416289e-43
2.834464 5.91331649259588338691e-43
2.843096 5.93236003705884344561e-43
2.851769 5.95108430342777058335e-43
2.860484 5.96948346104833771275e-43
2.869242 5.98755149952908227202e-43
2.878043 6.00528222142597277557e-43
2.886889 6.02266923460564394692e-43
2.895780 6.03970594427329476637e-43
2.904718 6.05638554464863428114e-43
2.913703 6.07270101027536370411e-43
2.922737 6.08864508694711605898e-43
2.931820 6.10421028223237476419e-43
2.940954 6.11938885557994943715e-43
2.950140 6.13417280798845191460e-43
2.959379 6.14855387121696817498e-43
2.968671 6.16252349651968173927e-43
2.978019 6.17607284288249415088e-43
2.987424 6.18919276473898398816e-43
2.996886 6.20187379914428688197e-43
3.006407 6.21410615238471671615e-43
3.015989 6.22587968599566629255e-43
3.025633 6.23718390216731145023e-43
3.035339 6.24800792850937766771e-43
3.045110 6.25834050215057492840e-43
3.054948 6.26816995314540321922e-43
3.064853 6.27748418716071958320e-43
3.074827 6.28627066741500487353e-43
3.084872 6.29451639584081180932e-43
3.094989 6.30220789344268090597e-43
3.105181 6.30933117982090471887e-43
3.115449 6.31587175183263759652e-43
3.125794 6.32181456136057127591e-43
3.136218 6.32714399216179903578e-43
0.005132 6.32706917474778892661e-43
0.015721 6.32159297690049173610e-43
0.026396 6.31538257732901361700e-43
0.037158 6.30842207225266351916e-43
0.048009 6.30069500771471205759e-43
0.058953 6.29218436002388741680e-43
0.069989 6.28287251570514796771e-43
0.081123 6.27274125097497589335e-43
0.092354 6.26177171076539407592e-43
0.103686 6.24994438732191772106e-43
0.115122 6.23723909841106305109e-43
0.126663 6.22363496517588783000e-43
0.138313 6.20911038969106758499e-43
0.150074 6.19364303227324264187e-43
0.161949 6.17720978861498439623e-43
0.173940 6.15978676682053870646e-43
0.186050 6.14134926443434939412e-43
0.198283 6.12187174556771063028e-43
0.210641 6.10132781824167597290e-43
0.223128 6.07969021208356450908e-43
0.235746 6.05693075653121964074e-43
0.248499 6.03302035971964808040e-43
0.261390 6.00792898824774016981e-43
0.274422 5.98162564804377994129e-43
0.287600 5.95407836657988265492e-43
0.300925 5.92525417670885784824e-43
0.314403 5.89511910243153257457e-43
0.328036 5.86363814693465995298e-43
0.341829 5.83077528327509835392e-43
0.355784 5.79649344812653374749e-43
0.369907 5.76075453904272781945e-43
0.384201 5.72351941574016406164e-43
0.398669 5.68474790594296817423e-43
0.413316 5.64439881638692439550e-43
0.428147 5.60242994962739967568e-43
0.443164 5.55879812734727322276e-43
0.458373 5.51345922091871375048e-43
0.473777 5.46636819002190834699e-43
0.489382 5.41747913018226954575e-43
0.505190 5.36674533013885313688e-43
0.521206 5.31411934001079994834e-43
0.537435 5.25955305127279923060e-43
0.553881 5.20299778960091298257e-43
0.570548 5.14440442167966595315e-43
0.587441 5.08372347709734896032e-43
0.604562 5.02090528646755754846e-43
0.621917 4.95590013692626709507e-43
0.639510 4.88865844613467457492e-43
0.657344 4.81913095589204987785e-43
0.675424 4.74726894640345627880e-43
0.693752 4.67302447216790032282e-43
0.712332 4.59635062033902810901e-43
0.731168 4.51720179226072874229e-43
0.750262 4.43553400869673802117e-43
0.769618 4.35130523903935164857e-43
0.789237 4.26447575451073587831e-43
0.809123 4.17500850503973622824e-43
0.829276 4.08286951912277520156e-43
0.849699 3.98802832554528386354e-43
0.870392 3.89045839535294063161e-43
0.891356 3.79013760192975376351e-43
0.912591 3.68704869644915898336e-43
0.934097 3.58117979534146409072e-43
0.955872 3.47252487575388268398e-43
0.977916 3.36108427429544574133e-43
1.000226 3.24686518366327659826e-43
1.022800 3.12988214105887114206e-43
1.045632 3.01015750164323567364e-43
1.068721 2.88772188967355584750e-43
1.092060 2.76261461943176830936e-43
1.115644 2.63488407763096235882e-43
1.139466 2.50458805869191938091e-43
1.163519 2.37179404415256468156e-43
1.187795 2.23657941752963922011e-43
1.212285 2.09903160622395979937e-43
1.236979 1.95924814256496496495e-43
1.261866 1.81733663683937701563e-43
1.286936 1.67341465615479768746e-43
1.312175 1.52760950424002950146e-43
1.337572 1.38005789877607892674e-43
1.363113 1.23090554455363009244e-43
1.388783 1.08030660263443001497e-43
1.414567 9.28423057706574937786e-44
1.440451 7.75423987914980652302e-44
1.466419 6.21484743553147948884e-44
1.492454 4.66786043054536428718e-44
1.518540 3.11512996651552275504e-44
1.544659 1.55854069806147542747e-44
1.570796 3.06854339317865967153e-55
