0.105658 0.00000000000000000000e+00
0.115477 7.93754927411245317083e-42
0.125295 1.23034141239902619531e-41
0.135113 1.63861277212795276794e-41
0.144931 2.04331458981758650016e-41
0.154749 2.45178636267759171128e-41
0.164567 2.86629810773557049228e-41
0.174385 3.28699993266880431647e-41
0.184204 3.71292738754793000049e-41
0.194022 4.14240968240074679304e-41
0.203840 4.57324761530226412985e-41
0.213658 5.00278637247955968395e-41
0.223476 5.42793213251678838004e-41
0.233294 5.84513275802861022140e-41
0.243112 6.25033025929385162675e-41
0.252931 6.63888599067505591322e-41
0.262749 7.00547478290372989469e-41
0.272567 7.34393948459587091120e-41
0.282385 7.64709118980772869975e-41
0.292203 7.90643086252115531068e-41
0.302021 8.11175183793949415785e-41
0.311839 8.25055317675588601808e-41
0.321658 8.30713654964799943516e-41
0.331476 8.26113939464225508665e-41
0.341294 8.08498190671711893494e-41
0.351112 7.73899449979831504125e-41
0.360930 7.16083251150657971847e-41
0.370748 6.23743519383380798350e-41
0.380566 4.69857890715615561379e-41
0.390385 0.00000000000000000000e+00
