0.306409 0.00000000000000000000e+00
0.315054 1.43472957569021822964e-42
0.323699 2.07406921597152277656e-42
0.332344 2.59489083013825259146e-42
0.340989 3.05889960026677030846e-42
0.349634 3.48928961964902594089e-42
0.358279 3.89759748015188573796e-42
0.366924 4.29046087236175555034e-42
0.375569 4.67206185696719850160e-42
0.384214 5.04520446680241362745e-42
0.392859 5.41185571640522526879e-42
0.401503 5.77344342917756589217e-42
0.410148 6.13103194915907793277e-42
0.418793 6.48543157088423776620e-42
0.427438 6.83726972023511792294e-42
0.436083 7.18703894112249596868e-42
0.444728 7.53513022838195788581e-42
0.453373 7.88185677743547446278e-42
0.462018 8.22747127931061883949e-42
0.470663 8.57217875614446949390e-42
0.479308 8.91614624640063345396e-42
0.487953 9.25951022071415854073e-42
0.496598 9.60238233435687584316e-42
0.505243 9.94485394147360912284e-42
0.513888 1.02869996746674259706e-41
0.522532 1.06288803101783827378e-41
0.531177 1.09705450807500027317e-41
0.539822 1.13120335570549713615e-41
0.548467 1.16533771888914677926e-41
0.557112 1.19946005757425027121e-41
0.565757 1.23357225203248685905e-41
0.574402 1.26767569068525014047e-41
0.583047 1.30177134367359857080e-41
0.591692 1.33585982476118665338e-41
0.600337 1.36994144363246513419e-41
0.608982 1.40401625024077904704e-41
0.617627 1.43808407254286296068e-41
0.626272 1.47214454870531213741e-41
0.634917 1.50619715466975857987e-41
0.643561 1.54024122780563204390e-41
0.652206 1.57427598725169353317e-41
0.660851 1.60830055144545161881e-41
0.669496 1.64231395325562388485e-41
0.678141 1.67631515306571649443e-41
0.686786 1.71030305010075372153e-41
0.695431 1.74427649224299905881e-41
0.704076 1.77823428454552454511e-41
0.712721 1.81217519661972435927e-41
0.721366 1.84609796904833740555e-41
0.730011 1.88000131895166278582e-41
0.738656 1.91388394481771098686e-41
0.747301 1.94774453069088271788e-41
0.755946 1.98158174980049955418e-41
0.764590 2.01539426769962169573e-41
0.773235 2.04918074497509077321e-41
0.781880 2.08293983958147016265e-41
0.790525 2.11667020884498561450e-41
0.799170 2.15037051117676917629e-41
0.807815 2.18403940753137485570e-41
0.816460 2.21767556263939104685e-41
0.825105 2.25127764604269333867e-41
0.833750 2.28484433295370425410e-41
0.842395 2.31837430496093159989e-41
0.851040 2.35186625059714839269e-41
0.859685 2.38531886578786811378e-41
0.868330 2.41873085419217206710e-41
0.876975 2.45210092744981526739e-41
0.885619 2.48542780534436669884e-41
0.894264 2.51871021589269927769e-41
0.902909 2.55194689536909116628e-41
0.911554 2.58513658827129062126e-41
0.920199 2.61827804723540461221e-41
0.928844 2.65137003290562468643e-41
0.937489 2.68441131376378193793e-41
0.946134 2.71740066592333142022e-41
0.954779 2.75033687289229854058e-41
0.963424 2.78321872530839095240e-41
0.972069 2.81604502064944683590e-41
0.980714 2.84881456292301749810e-41
0.989359 2.88152616233598203145e-41
0.998003 2.91417863494827183639e-41
1.006648 2.94677080231087068964e-41
1.015293 2.97930149109187146602e-41
1.023938 3.01176953269010419450e-41
1.032583 3.04417376283899298059e-41
1.041228 3.07651302120158541528e-41
1.049873 3.10878615095762570057e-41
1.058518 3.14099199838361460217e-41
1.067163 3.17312941242675447812e-41
1.075808 3.20519724427327897711e-41
1.084453 3.23719434691231341294e-41
1.093098 3.26911957469459799122e-41
1.101743 3.30097178288825374751e-41
1.110388 3.33274982723001543819e-41
1.119032 3.36445256347378089976e-41
1.127677 3.39607884693609555420e-41
1.136322 3.42762753203775078974e-41
1.144967 3.45909747184444381917e-41
1.153612 3.49048751760315785618e-41
1.162257 3.52179651827637670624e-41
1.170902 3.55302332007437592194e-41
1.179547 3.58416676598413813301e-41
1.188192 3.61522569529574644798e-41
1.196837 3.64619894312619475293e-41
1.205482 3.67708533994051906697e-41
1.214127 3.70788371106969938163e-41
1.222772 3.73859287622518210643e-41
1.231417 3.76921164901120736105e-41
1.240061 3.79973883643219946703e-41
1.248706 3.83017323839773186129e-41
1.257351 3.86051364722308233134e-41
1.265996 3.89075884712562632970e-41
1.274641 3.92090761371692562650e-41
1.283286 3.95095871349036140272e-41
1.291931 3.98091090330363529326e-41
1.300576 4.01076292985602418737e-41
1.309221 4.04051352916063603393e-41
1.317866 4.07016142600965859140e-41
1.326511 4.09970533343487529284e-41
1.335156 4.12914395216065967785e-41
1.343801 4.15847597005043534403e-41
1.352446 4.18770006154552168358e-41
1.361090 4.21681488709718820552e-41
1.369735 4.24581909258945057231e-41
1.378380 4.27471130875435336017e-41
1.387025 4.30349015057816786228e-41
1.395670 4.33215421669775809336e-41
1.404315 4.36070208878759419779e-41
1.412960 4.38913233093660167636e-41
1.421605 4.41744348901376159988e-41
1.430250 4.44563409002283242655e-41
1.438895 4.47370264144549093331e-41
1.447540 4.50164763057108148904e-41
1.456185 4.52946752381521980193e-41
1.464830 4.55716076602311674881e-41
1.473474 4.58472577976014727337e-41
1.482119 4.61216096458752782589e-41
1.490764 4.63946469632190484920e-41
1.499409 4.66663532627990447689e-41
1.508054 4.69367118050615129033e-41
1.516699 4.72057055898264407698e-41
1.525344 4.74733173482166131223e-41
1.533989 4.77395295343916515724e-41
1.542634 4.80043243170803207008e-41
1.551279 4.82676835709192773260e-41
1.559924 4.85295888675740377351e-41
1.568569 4.87900214666364430418e-41
1.577214 4.90489623062969709523e-41
1.585859 4.93063919937735721089e-41
1.594503 4.95622907954930750438e-41
1.603148 4.98166386270125373592e-41
1.611793 5.00694150426665545108e-41
1.620438 5.03205992249409442230e-41
1.629083 5.05701699735487546702e-41
1.637728 5.08181056942011636957e-41
1.646373 5.10643843870659382965e-41
1.655018 5.13089836348868025821e-41
1.663663 5.15518805907737570603e-41
1.672308 5.17930519656241166696e-41
1.680953 5.20324740151733193478e-41
1.689598 5.22701225266683375008e-41
1.698243 5.25059728051211861281e-41
1.706888 5.27399996591600745574e-41
1.715532 5.29721773864314133163e-41
1.724177 5.32024797585517891067e-41
1.732822 5.34308800055849587894e-41
1.741467 5.36573508000221963277e-41
1.750112 5.38818642402542879256e-41
1.758757 5.41043918334988171797e-41
1.767402 5.43249044781750118379e-41
1.776047 5.45433724456905178837e-41
1.784692 5.47597653616244708040e-41
1.793337 5.49740521862706486005e-41
1.801982 5.51862011945267790962e-41
1.810627 5.53961799550863431754e-41
1.819272 5.56039553089135631301e-41
1.827917 5.58094933469647795159e-41
1.836561 5.60127593871228457022e-41
1.845206 5.62137179503151354619e-41
1.853851 5.64123327357700880226e-41
1.862496 5.66085665953759731806e-41
1.871141 5.68023815071122271258e-41
1.879786 5.69937385474852001335e-41
1.888431 5.71825978629565297909e-41
1.897076 5.73689186402871921463e-41
1.905721 5.75526590757587620695e-41
1.914366 5.77337763432275821262e-41
1.923011 5.79122265609418968574e-41
1.931656 5.80879647570684857505e-41
1.940301 5.82609448338673346912e-41
1.948946 5.84311195304521923713e-41
1.957590 5.85984403840553026042e-41
1.966235 5.87628576897440285478e-41
1.974880 5.89243204584814973939e-41
1.983525 5.90827763734873318733e-41
1.992170 5.92381717447671060411e-41
2.000815 5.93904514617633800170e-41
2.009460 5.95395589439892023463e-41
2.018105 5.96854360895722404574e-41
2.026750 5.98280232215838047560e-41
2.035395 5.99672590320324560539e-41
2.044040 6.01030805234024060173e-41
2.052685 6.02354229476151768384e-41
2.061330 6.03642197422493585571e-41
2.069974 6.04894024638936879763e-41
2.078619 6.06109007184510261269e-41
2.087264 6.07286420882379524299e-41
2.095909 6.08425520556923424625e-41
2.104554 6.09525539234965755882e-41
2.113199 6.10585687308971732007e-41
2.121844 6.11605151660230794840e-41
2.130489 6.12583094739345068304e-41
2.139134 6.13518653601718803176e-41
2.147779 6.14410938895187262540e-41
2.156424 6.15259033796925333225e-41
2.165069 6.16061992896362199555e-41
2.173714 6.16818841020988795461e-41
2.182359 6.17528572001105943536e-41
2.191003 6.18190147369819348900e-41
2.199648 6.18802494994001255991e-41
2.208293 6.19364507631667572311e-41
2.216938 6.19875041410891570567e-41
2.225583 6.20332914225005479363e-41
2.234228 6.20736904038157237196e-41
2.242873 6.21085747095407038023e-41
2.251518 6.21378136030192358788e-41
2.260163 6.21612717862303271949e-41
2.268808 6.21788091878152276863e-41
2.277453 6.21902807384862483419e-41
2.286098 6.21955361328898121771e-41
2.294743 6.21944195768810451392e-41
2.303388 6.21867695191259009381e-41
2.312032 6.21724183657892990605e-41
2.320677 6.21511921770022880688e-41
2.329322 6.21229103436285398323e-41
2.337967 6.20873852427576680737e-41
2.346612 6.20444218701528130577e-41
2.355257 6.19938174477312796518e-41
2.363902 6.19353610039475435232e-41
2.372547 6.18688329247358882303e-41
2.381192 6.17940044724222802723e-41
2.389837 6.17106372697250189850e-41
2.398482 6.16184827456768498632e-41
2.407127 6.15172815399151561760e-41
2.415772 6.14067628614179805120e-41
2.424417 6.12866437972923785604e-41
2.433061 6.11566285667072299175e-41
2.441706 6.10164077144901066126e-41
2.450351 6.08656572382160565967e-41
2.458996 6.07040376418728660858e-41
2.467641 6.05311929082876577100e-41
2.476286 6.03467493814944378712e-41
2.484931 6.01503145490673501766e-41
2.493576 5.99414757130508824525e-41
2.502221 5.97197985366091350574e-41
2.510866 5.94848254516088505387e-41
2.519511 5.92360739102990736685e-41
2.528156 5.89730344616619571148e-41
2.536801 5.86951686301216686208e-41
2.545446 5.84019065707749766394e-41
2.554090 5.80926444711915818364e-41
2.562735 5.77667416649037605902e-41
2.571380 5.74235174158309706643e-41
2.580025 5.70622473258074487171e-41
2.588670 5.66821593088398480995e-41
2.597315 5.62824290653991784217e-41
2.605960 5.58621749773930639520e-41
2.614605 5.54204523290101840545e-41
2.623250 5.49562467395345964603e-41
2.631895 5.44684666704946937909e-41
2.640540 5.39559348399560845898e-41
2.649185 5.34173783394258808108e-41
2.657830 5.28514172016923841727e-41
2.666474 5.22565511074708373995e-41
2.675119 5.16311438409972748135e-41
2.683764 5.09734050035123346329e-41
2.692409 5.02813683606889678801e-41
2.701054 4.95528660237011238939e-41
2.709699 4.87854974268101153519e-41
2.718344 4.79765917425149941207e-41
2.726989 4.71231619318752844381e-41
2.735634 4.62218480077573859023e-41
2.744279 4.52688462080826733598e-41
2.752924 4.42598195026721546656e-41
2.761569 4.31897829792108611934e-41
2.770214 4.20529548230323393520e-41
2.778859 4.08425592328046281058e-41
2.787503 3.95505606706117441937e-41
2.796148 3.81672974666264637596e-41
2.804793 3.66809634661862763371e-41
2.813438 3.50768521504286385471e-41
2.822083 3.33362138762516684549e-41
2.830728 3.14344508531548135779e-41
2.839373 2.93381067268714730304e-41
2.848018 2.69994845589399788002e-41
2.856663 2.43460945617053265042e-41
2.865308 2.12571022371400885810e-41
2.873953 1.74992085067863149247e-41
2.882598 1.24761360151883468232e-41
2.891243 0.00000000000000000000e+00
