0.177506 0.00000000000000000000e+00
0.177731 1.70690364193014360886e-43
0.177956 2.41319341925221513482e-43
0.178181 2.95462733387273712009e-43
0.178406 3.41062392301301491273e-43
0.178630 3.81195166196934700783e-43
0.178855 4.17439293709155449120e-43
0.179080 4.50732423336056850170e-43
0.179305 4.81685524832422518213e-43
0.179530 5.10722988326283315331e-43
0.179755 5.38153802573610793415e-43
0.179980 5.64211213200265166184e-43
0.180205 5.89076408106178716340e-43
0.180430 6.12893453201039586364e-43
0.180654 6.35779132010066894288e-43
0.180879 6.57829665886063247360e-43
0.181104 6.79125444621511101625e-43
0.181329 6.99734443313624604011e-43
0.181554 7.19714745678622676074e-43
0.181779 7.39116443845690496672e-43
0.182004 7.57983093209801628067e-43
0.182229 7.76352843450102579784e-43
0.182453 7.94259329688519250312e-43
0.182678 8.11732383180013841538e-43
0.182903 8.28798604290653021036e-43
0.183128 8.45481829039109470565e-43
0.183353 8.61803512414519622175e-43
0.183578 8.77783045926914896707e-43
0.183803 8.93438022677454614004e-43
0.184028 9.08784460175478505412e-43
0.184252 9.23836988852995706225e-43
0.184477 9.38609012519241565247e-43
0.184702 9.53112845695812447559e-43
0.184927 9.67359831778489816263e-43
0.185152 9.81360445198941927528e-43
0.185377 9.95124380156392119487e-43
0.185602 1.00866062801616426851e-42
0.185827 1.02197754509515368596e-42
0.186051 1.03508291225410310302e-42
0.186276 1.04798398747499139445e-42
0.186501 1.06068755240730083962e-42
0.186726 1.07319995370671035048e-42
0.186951 1.08552713986172195382e-42
0.187176 1.09767469409453156025e-42
0.187401 1.10964786383651093022e-42
0.187626 1.12145158720360030036e-42
0.187851 1.13309051683609453136e-42
0.188075 1.14456904141680207590e-42
0.188300 1.15589130513758449818e-42
0.188525 1.16706122534766466931e-42
0.188750 1.17808250858799154953e-42
0.188975 1.18895866518672069207e-42
0.189200 1.19969302257140966756e-42
0.189425 1.21028873743273871386e-42
0.189650 1.22074880685758232639e-42
0.189874 1.23107607853733942415e-42
0.190099 1.24127326014197211472e-42
0.190324 1.25134292794264736587e-42
0.190549 1.26128753475411106630e-42
0.190774 1.27110941726171743170e-42
0.190999 1.28081080278987864778e-42
0.191224 1.29039381556277939372e-42
0.191449 1.29986048250322550424e-42
0.191673 1.30921273861024057757e-42
0.191898 1.31845243195196848383e-42
0.192123 1.32758132830670791062e-42
0.192348 1.33660111548210474555e-42
0.192573 1.34551340733871136595e-42
0.192798 1.35431974754210632617e-42
0.193023 1.36302161306587979994e-42
0.193248 1.37162041746457336481e-42
0.193473 1.38011751393510608850e-42
0.193697 1.38851419818252766764e-42
0.193922 1.39681171110541667533e-42
0.194147 1.40501124131377618655e-42
0.194372 1.41311392749271938113e-42
0.194597 1.42112086062209025199e-42
0.194822 1.42903308606336079954e-42
0.195047 1.43685160552237427193e-42
0.195272 1.44457737889739136364e-42
0.195496 1.45221132601963154500e-42
0.195721 1.45975432829414562313e-42
0.195946 1.46720723024750931291e-42
0.196171 1.47457084098850149047e-42
0.196396 1.48184593558759688985e-42
0.196621 1.48903325638020354358e-42
0.196846 1.49613351419912329172e-42
0.197071 1.50314738953996032681e-42
0.197295 1.51007553366427361866e-42
0.197520 1.51691856964370623966e-42
0.197745 1.52367709334945475082e-42
0.197970 1.53035167438938990617e-42
0.198195 1.53694285699688723654e-42
0.198420 1.54345116087324321918e-42
0.198645 1.54987708198743099487e-42
0.198870 1.55622109333443665127e-42
0.199094 1.56248364565539857869e-42
0.199319 1.56866516812155687558e-42
0.199544 1.57476606898330926185e-42
0.199769 1.58078673618702313057e-42
0.199994 1.58672753796114170892e-42
0.200219 1.59258882337306622246e-42
0.200444 1.59837092285798084339e-42
0.200669 1.60407414872212731198e-42
0.200894 1.60969879562045563057e-42
0.201118 1.61524514101102262525e-42
0.201343 1.62071344558663828744e-42
0.201568 1.62610395368517424246e-42
0.201793 1.63141689367937963959e-42
0.202018 1.63665247834725239952e-42
0.202243 1.64181090522360082556e-42
0.202468 1.64689235693435744601e-42
0.202693 1.65189700151319360537e-42
0.202917 1.65682499270266258418e-42
0.203142 1.66167647023931908174e-42
0.203367 1.66645156012389103613e-42
0.203592 1.67115037487762085738e-42
0.203817 1.67577301378440329054e-42
0.204042 1.68031956311999724947e-42
0.204267 1.68479009636862068138e-42
0.204492 1.68918467442701926829e-42
0.204716 1.69350334579720824497e-42
0.204941 1.69774614676742565543e-42
0.205166 1.70191310158245873036e-42
0.205391 1.70600422260326436849e-42
0.205616 1.71001951045612905771e-42
0.205841 1.71395895417205581461e-42
0.206066 1.71782253131682134055e-42
0.206291 1.72161020811091863715e-42
0.206516 1.72532193954093420386e-42
0.206740 1.72895766946199085743e-42
0.206965 1.73251733069125872232e-42
0.207190 1.73600084509336949072e-42
0.207415 1.73940812365715725302e-42
0.207640 1.74273906656457278632e-42
0.207865 1.74599356325174804185e-42
0.208090 1.74917149246173672717e-42
0.208315 1.75227272229028957188e-42
0.208539 1.75529711022359881708e-42
0.208764 1.75824450316847647404e-42
0.208989 1.76111473747586039532e-42
0.209214 1.76390763895614682862e-42
0.209439 1.76662302288789188473e-42
0.209664 1.76926069401920389990e-42
0.209889 1.77182044656187894593e-42
0.210114 1.77430206417867616774e-42
0.210338 1.77670531996306385016e-42
0.210563 1.77902997641265652194e-42
0.210788 1.78127578539471973664e-42
0.211013 1.78344248810527763359e-42
0.211238 1.78552981502060488227e-42
0.211463 1.78753748584200947949e-42
0.211688 1.78946520943284986060e-42
0.211913 1.79131268374910349341e-42
0.212137 1.79307959576172722526e-42
0.212362 1.79476562137231294350e-42
0.212587 1.79637042532075292417e-42
0.212812 1.79789366108572033616e-42
0.213037 1.79933497077693066561e-42
0.213262 1.80069398502008415743e-42
0.213487 1.80197032283333842432e-42
0.213712 1.80316359149607431448e-42
0.213937 1.80427338640883796171e-42
0.214161 1.80529929094523676558e-42
0.214386 1.80624087629480540804e-42
0.214611 1.80709770129724750758e-42
0.214836 1.80786931226711266827e-42
0.215061 1.80855524280955253265e-42
0.215286 1.80915501362622802185e-42
0.215511 1.80966813231096789676e-42
0.215736 1.81009409313579357392e-42
0.215960 1.81043237682601819829e-42
0.216185 1.81068245032450345128e-42
0.216410 1.81084376654463822374e-42
0.216635 1.81091576411197447465e-42
0.216860 1.81089786709336942577e-42
0.217085 1.81078948471413049974e-42
0.217310 1.81059001106194715379e-42
0.217535 1.81029882477753314088e-42
0.217759 1.80991528873150668693e-42
0.217984 1.80943874968648231446e-42
0.218209 1.80886853794450144149e-42
0.218434 1.80820396697851867919e-42
0.218659 1.80744433304802858109e-42
0.218884 1.80658891479733023930e-42
0.219109 1.80563697283627870278e-42
0.219334 1.80458774930261292486e-42
0.219559 1.80344046740508599747e-42
0.219783 1.80219433094629493360e-42
0.220008 1.80084852382472123773e-42
0.220233 1.79940220951430792434e-42
0.220458 1.79785453052178805206e-42
0.220683 1.79620460781891058999e-42
0.220908 1.79445154025027413511e-42
0.221133 1.79259440391399745677e-42
0.221358 1.79063225151485026126e-42
0.221582 1.78856411168811758364e-42
0.221807 1.78638898829263721365e-42
0.222032 1.78410585967172389367e-42
0.222257 1.78171367787979584086e-42
0.222482 1.77921136787368433328e-42
0.222707 1.77659782666576166227e-42
0.222932 1.77387192243774169929e-42
0.223157 1.77103249361232055969e-42
0.223381 1.76807834788071761496e-42
0.223606 1.76500826118351724586e-42
0.223831 1.76182097664202215117e-42
0.224056 1.75851520343764732657e-42
0.224281 1.75508961563564535836e-42
0.224506 1.75154285095090689533e-42
0.224731 1.74787350945131223626e-42
0.224956 1.74408015219557625261e-42
0.225180 1.74016129980103613844e-42
0.225405 1.73611543093797117804e-42
0.225630 1.73194098074451325404e-42
0.225855 1.72763633915818320901e-42
0.226080 1.72319984915826312732e-42
0.226305 1.71862980491330317977e-42
0.226530 1.71392444982717527751e-42
0.226755 1.70908197447751049978e-42
0.226980 1.70410051443874218353e-42
0.227204 1.69897814798169044364e-42
0.227429 1.69371289364202758211e-42
0.227654 1.68830270764680824779e-42
0.227879 1.68274548119080639562e-42
0.228104 1.67703903755012810287e-42
0.228329 1.67118112902202761646e-42
0.228554 1.66516943367777852520e-42
0.228779 1.65900155191458881345e-42
0.229003 1.65267500279079009822e-42
0.229228 1.64618722012765833694e-42
0.229453 1.63953554835973088491e-42
0.229678 1.63271723811305149274e-42
0.229903 1.62572944148905365762e-42
0.230128 1.61856920703035067548e-42
0.230353 1.61123347434146007344e-42
0.230578 1.60371906833453109322e-42
0.230802 1.59602269306864224751e-42
0.231027 1.58814092514573152031e-42
0.231252 1.58007020662443401446e-42
0.231477 1.57180683740689675655e-42
0.231702 1.56334696705091267740e-42
0.231927 1.55468658595226903765e-42
0.232152 1.54582151583717713243e-42
0.232377 1.53674739949756754129e-42
0.232602 1.52745968969368005957e-42
0.232826 1.51795363713957848225e-42
0.233051 1.50822427747698033515e-42
0.233276 1.49826641713074500574e-42
0.233501 1.48807461792564593030e-42
0.233726 1.47764318032923960669e-42
0.233951 1.46696612516664944864e-42
0.234176 1.45603717363256124341e-42
0.234401 1.44484972540244584781e-42
0.234625 1.43339683461550651721e-42
0.234850 1.42167118347009889602e-42
0.235075 1.40966505313383114070e-42
0.235300 1.39737029162524267870e-42
0.235525 1.38477827827086410566e-42
0.235750 1.37187988427885985800e-42
0.235975 1.35866542889534197014e-42
0.236200 1.34512463052071788357e-42
0.236424 1.33124655205591670507e-42
0.236649 1.31701953962147514540e-42
0.236874 1.30243115363428436239e-42
0.237099 1.28746809104080720386e-42
0.237324 1.27211609727379576648e-42
0.237549 1.25635986621457359688e-42
0.237774 1.24018292609536718284e-42
0.237999 1.22356750883899764946e-42
0.238223 1.20649439978865291147e-42
0.238448 1.18894276409321470139e-42
0.238673 1.17088994514194206885e-42
0.238898 1.15231122932540369503e-42
0.239123 1.13317956995757728600e-42
0.239348 1.11346526131858900041e-42
0.239573 1.09313555130434882302e-42
0.239798 1.07215417788898822165e-42
0.240023 1.05048081018894483123e-42
0.240247 1.02807036890662087771e-42
0.240472 1.00487219263802727789e-42
0.240697 9.80829004917725822264e-43
0.240922 9.55875620348799442390e-43
0.241147 9.29937304239495193219e-43
0.241372 9.02927664822991154034e-43
0.241597 8.74745903788905945741e-43
0.241822 8.45273168320116947352e-43
0.242046 8.14367616582738197086e-43
0.242271 7.81857593223867943036e-43
0.242496 7.47531944939055345188e-43
0.242721 7.11125855803691034314e-43
0.242946 6.72299369338319441200e-43
0.243171 6.30603364685529636277e-43
0.243396 5.85422648936352841021e-43
0.243621 5.35873929593681001505e-43
0.243845 4.80605213106250015094e-43
0.244070 4.17346824782204921681e-43
0.244295 3.41685598251749499783e-43
0.244520 2.42261339494099094795e-43
0.244745 0.00000000000000000000e+00
