0.493677 3.20119090003480484574e-42
0.501112 3.24720650294079003152e-42
0.508547 3.29311638030776368207e-42
0.515982 3.33891852968044852511e-42
0.523417 3.38461093459799661165e-42
0.530852 3.43019156459067950819e-42
0.538287 3.47565837518351990907e-42
0.545722 3.52100930790629179301e-42
0.553157 3.56624229031126491805e-42
0.560592 3.61135523599775309343e-42
0.568027 3.65634604464413915041e-42
0.575462 3.70121260204614929408e-42
0.582897 3.74595278016372887697e-42
0.590332 3.79056443717343919201e-42
0.597767 3.83504541752936902314e-42
0.605202 3.87939355203041856356e-42
0.612637 3.92360665789496699635e-42
0.620072 3.96768253884280967213e-42
0.627507 4.01161898518384553578e-42
0.634942 4.05541377391472045406e-42
0.642377 4.09906466882161605476e-42
0.649812 4.14256942059086510762e-42
0.657247 4.18592576692635666309e-42
0.664682 4.22913143267378766281e-42
0.672117 4.27218412995294054723e-42
0.679552 4.31508155829576162940e-42
0.686987 4.35782140479195376472e-42
0.694422 4.40040134424219929375e-42
0.701857 4.44281903931684665300e-42
0.709292 4.48507214072336472634e-42
