1.431663 0.00000000000000000000e+00
1.438658 9.42330112417985953249e-42
1.445652 1.33170245135172802467e-41
1.452647 1.62981228107899712768e-41
1.459641 1.88056055014954525188e-41
1.466636 2.10096244242009345703e-41
1.473630 2.29974906387134387831e-41
1.480625 2.48210955214691507345e-41
1.487619 2.65142632924577260205e-41
1.494614 2.81004968592942848664e-41
1.501608 2.95969138299902100843e-41
1.508603 3.10164399091688838662e-41
1.515597 3.23691190988013075914e-41
1.522592 3.36629400332704705853e-41
1.529586 3.49043804556491910202e-41
1.536581 3.60987791425961663990e-41
1.543575 3.72505977587655036477e-41
1.550570 3.83636100214835562122e-41
1.557564 3.94410414188110506987e-41
1.564559 4.04856744193156016279e-41
1.571554 4.14999290537699962472e-41
1.578548 4.24859255699309843746e-41
1.585543 4.34455338074243500854e-41
1.592537 4.43804125797101442334e-41
1.599532 4.52920414296914687212e-41
1.606526 4.61817464902561740927e-41
1.613521 4.70507217348401046714e-41
1.620515 4.79000465845197045223e-41
1.627510 4.87307006074121702071e-41
1.634504 4.95435758766798174631e-41
1.641499 5.03394874275601716929e-41
1.648493 5.11191821591064697944e-41
1.655488 5.18833464544058360658e-41
1.662482 5.26326127378374015001e-41
1.669477 5.33675651451925134595e-41
1.676471 5.40887444490973665861e-41
1.683466 5.47966523559162376092e-41
1.690460 5.54917552694776385818e-41
1.697455 5.61744876003099551845e-41
1.704449 5.68452546857415114840e-41
1.711444 5.75044353753420854832e-41
1.718438 5.81523843274407556833e-41
1.725433 5.87894340552113917163e-41
1.732427 5.94158967549099478884e-41
1.739422 6.00320659439560545670e-41
1.746416 6.06382179324737701694e-41
1.753411 6.12346131485238629822e-41
1.760405 6.18214973344246147046e-41
1.767400 6.23991026291186933157e-41
1.774394 6.29676485496216144348e-41
1.781389 6.35273428827654759254e-41
1.788383 6.40783824970686427963e-41
1.795378 6.46209540832956915769e-41
1.802372 6.51552348311965531697e-41
1.809367 6.56813930490263415758e-41
1.816361 6.61995887316239440340e-41
1.823356 6.67099740821712267925e-41
1.830350 6.72126939921599088353e-41
1.837345 6.77078864835826119898e-41
1.844339 6.81956831168827224945e-41
1.851334 6.86762093678709954674e-41
1.858328 6.91495849764142530123e-41
1.865323 6.96159242694443379494e-41
1.872317 7.00753364605338631446e-41
1.879312 7.05279259280917191842e-41
1.886306 7.09737924739851258303e-41
1.893301 7.14130315642671677054e-41
1.900296 7.18457345534442392600e-41
1.907290 7.22719888936726363462e-41
1.914285 7.26918783300727868421e-41
1.921279 7.31054830832701468014e-41
1.928274 7.35128800201337478246e-41
1.935268 7.39141428136752960877e-41
1.942263 7.43093420928657073676e-41
1.949257 7.46985455831852305221e-41
1.956252 7.50818182385364230796e-41
1.963246 7.54592223651914123800e-41
1.970241 7.58308177383216392102e-41
1.977235 7.61966617116437518831e-41
1.984230 7.65568093206517887503e-41
1.991224 7.69113133799125775352e-41
1.998219 7.72602245747815405364e-41
2.005213 7.76035915479358481265e-41
2.012208 7.79414609810892058663e-41
2.019202 7.82738776721742670932e-41
2.026197 7.86008846082888484364e-41
2.033191 7.89225230346937855563e-41
2.040186 7.92388325201063837331e-41
2.047180 7.95498510185035136833e-41
2.054175 7.98556149276732909003e-41
2.061169 8.01561591446941216663e-41
2.068164 8.04515171185458267722e-41
2.075158 8.07417208999872540203e-41
2.082153 8.10268011889201089434e-41
2.089147 8.13067873793032168135e-41
2.096142 8.15817076018499042201e-41
2.103136 8.18515887645446850696e-41
2.110131 8.21164565911764987256e-41
2.117125 8.23763356579372259618e-41
2.124120 8.26312494282380626980e-41
2.131114 8.28812202858023059319e-41
2.138109 8.31262695661594502721e-41
2.145103 8.33664175865869859077e-41
2.152098 8.36016836746266418603e-41
2.159092 8.38320861951927438175e-41
2.166087 8.40576425763971465347e-41
2.173081 8.42783693341139566174e-41
2.180076 8.44942820953753999432e-41
2.187070 8.47053956206242110429e-41
2.194065 8.49117238249145410374e-41
2.201059 8.51132797980722222523e-41
2.208054 8.53100758238968122631e-41
2.215048 8.55021233984185801339e-41
2.222043 8.56894332472787160426e-41
2.229037 8.58720153422547871952e-41
2.236032 8.60498789169725494488e-41
2.243027 8.62230324818426241326e-41
2.250021 8.63914838382561551777e-41
2.257016 8.65552400920475216174e-41
2.264010 8.67143076662990954815e-41
2.271005 8.68686923134557448276e-41
2.277999 8.70183991268395083544e-41
2.284994 8.71634325515162257160e-41
2.291988 8.73037963946167747310e-41
2.298983 8.74394938350547587125e-41
2.305977 8.75705274327216086713e-41
2.312972 8.76968991371467023157e-41
2.319966 8.78186102956481626455e-41
2.326961 8.79356616609894972780e-41
2.333955 8.80480533985596662402e-41
2.340950 8.81557850930889355235e-41
2.347944 8.82588557549174821908e-41
2.354939 8.83572638258205948503e-41
2.361933 8.84510071844181408635e-41
2.368928 8.85400831511557084899e-41
2.375922 8.86244884929033152105e-41
2.382917 8.87042194271307257499e-41
2.389911 8.87792716257319840038e-41
2.396906 8.88496402184367810400e-41
2.403900 8.89153197958821198275e-41
2.410895 8.89763044123023006328e-41
2.417889 8.90325875878680183643e-41
2.424884 8.90841623106864295664e-41
2.431878 8.91310210384333145914e-41
2.438873 8.91731556996584443665e-41
2.445867 8.92105576947620004455e-41
2.452862 8.92432178966169055306e-41
2.459856 8.92711266508870034362e-41
2.466851 8.92942737759927298693e-41
2.473845 8.93126485627693801961e-41
2.480840 8.93262397738024969853e-41
2.487834 8.93350356424282035602e-41
2.494829 8.93390238714300395211e-41
2.501823 8.93381916313925754495e-41
2.508818 8.93325255587703612042e-41
2.515812 8.93220117535918344117e-41
2.522807 8.93066357768795923239e-41
2.529801 8.92863826477223143744e-41
2.536796 8.92612368400380276388e-41
2.543790 8.92311822789899406144e-41
2.550785 8.91962023371067724696e-41
2.557779 8.91562798300255832343e-41
2.564774 8.91113970119295052236e-41
2.571769 8.90615355706457406010e-41
2.578763 8.90066766223721161813e-41
2.585758 8.89468007060737127215e-41
2.592752 8.88818877775297990679e-41
2.599747 8.88119172029915420860e-41
2.606741 8.87368677525030210773e-41
2.613736 8.86567175928276142114e-41
2.620730 8.85714442799881175212e-41
2.627725 8.84810247514376846027e-41
2.634719 8.83854353178092826242e-41
2.641714 8.82846516542692254873e-41
2.648708 8.81786487914469496377e-41
2.655703 8.80674011059340586060e-41
2.662697 8.79508823103516778748e-41
2.669692 8.78290654429575616696e-41
2.676686 8.77019228567902395929e-41
2.683681 8.75694262083421178429e-41
2.690675 8.74315464457334558139e-41
2.697670 8.72882537963817735301e-41
2.704664 8.71395177541537310634e-41
2.711659 8.69853070659793228636e-41
2.718653 8.68255897178958930235e-41
2.725648 8.66603329205400078277e-41
2.732642 8.64895030940332600615e-41
2.739637 8.63130658522516563557e-41
2.746631 8.61309859864683917774e-41
2.753626 8.59432274483450523785e-41
2.760620 8.57497533322076851575e-41
2.767615 8.55505258566653824219e-41
2.774609 8.53455063454570347849e-41
2.781604 8.51346552075483776583e-41
2.788598 8.49179319164490395540e-41
2.795593 8.46952949886881625697e-41
2.802587 8.44667019614542435271e-41
2.809582 8.42321093693264386147e-41
2.816576 8.39914727201040709551e-41
2.823571 8.37447464696456173444e-41
2.830565 8.34918839957239543645e-41
2.837560 8.32328375708181124122e-41
2.844554 8.29675583338152121203e-41
2.851549 8.26959962605835842805e-41
2.858543 8.24181001333342426840e-41
2.865538 8.21338175087462909678e-41
2.872532 8.18430946847845055092e-41
2.879527 8.15458766661573915247e-41
2.886521 8.12421071283534059146e-41
2.893516 8.09317283801591393916e-41
2.900511 8.06146813246365071776e-41
2.907505 8.02909054184416967019e-41
2.914500 7.99603386294204153411e-41
2.921494 7.96229173923994828298e-41
2.928489 7.92785765630693540860e-41
2.935483 7.89272493698573886386e-41
2.942478 7.85688673637189973557e-41
2.949472 7.82033603656955750900e-41
2.956467 7.78306564121426957132e-41
2.963461 7.74506816974999190835e-41
2.970456 7.70633605144609371052e-41
2.977450 7.66686151914104328780e-41
2.984445 7.62663660269542225812e-41
2.991439 7.58565312213950756631e-41
2.998434 7.54390268049705158223e-41
3.005428 7.50137665626459545422e-41
3.012423 7.45806619552800408241e-41
3.019417 7.41396220369192512889e-41
3.026412 7.36905533680021135640e-41
3.033406 7.32333599241760800371e-41
3.040401 7.27679430005151019299e-41
3.047395 7.22942011107316117274e-41
3.054390 7.18120298811736046258e-41
3.061384 7.13213219391373233422e-41
3.068379 7.08219667951639384706e-41
3.075373 7.03138507189160429460e-41
3.082368 6.97968566080797787442e-41
3.089362 6.92708638498896990483e-41
3.096357 6.87357481746304117203e-41
3.103351 6.81913815005577838567e-41
3.110346 6.76376317695305903598e-41
3.117340 6.70743627726252695774e-41
3.124335 6.65014339648975682435e-41
3.131329 6.59187002683695599892e-41
3.138324 6.53260118622382722677e-41
3.145318 6.47232139591733735360e-41
3.152313 6.41101465664080564015e-41
3.159307 6.34866442302313712485e-41
3.166302 6.28525357622841875865e-41
3.173296 6.22076439458260799915e-41
3.180291 6.15517852199915668048e-41
3.187285 6.08847693396800462858e-41
3.194280 6.02063990084965413809e-41
3.201274 5.95164694816947532108e-41
3.208269 5.88147681357646137517e-41
3.215263 5.81010740006388365993e-41
3.222258 5.73751572500318907719e-41
3.229252 5.66367786445893592280e-41
3.236247 5.58856889217407618008e-41
3.243242 5.51216281250746124370e-41
3.250236 5.43443248648471973429e-41
3.257231 5.35534954997153490382e-41
3.264225 5.27488432279820586673e-41
3.271220 5.19300570744175797343e-41
3.278214 5.10968107560457383900e-41
3.285209 5.02487614068639584599e-41
3.292203 4.93855481374078711700e-41
3.299198 4.85067903998497595223e-41
3.306192 4.76120861228737083979e-41
3.313187 4.67010095724114374174e-41
3.320181 4.57731088839226715661e-41
3.327176 4.48279031986823530669e-41
3.334170 4.38648793194082114011e-41
3.341165 4.28834877783942095356e-41
3.348159 4.18831381822093708882e-41
3.355154 4.08631936586155427451e-41
3.362148 3.98229641800673313116e-41
3.369143 3.87616984689994476931e-41
3.376137 3.76785740958291612249e-41
3.383132 3.65726852504909465406e-41
3.390126 3.54430274863528085002e-41
3.397121 3.42884784772621361619e-41
3.404115 3.31077734565086173278e-41
3.411110 3.18994734611076134225e-41
3.418104 3.06619236895779730304e-41
3.425099 2.93931980364048274791e-41
3.432093 2.80910239188238457655e-41
3.439088 2.67526783807778278567e-41
3.446082 2.53748412675298704548e-41
3.453077 2.39533823427734863404e-41
3.460071 2.24830432361897412625e-41
3.467066 2.09569450299010239776e-41
3.474060 1.93657922482613012263e-41
3.481055 1.76965151787445334425e-41
3.488049 1.59297897262076324689e-41
3.495044 1.40350733587776096659e-41
3.502038 1.19593051691727113201e-41
3.509033 9.59555305994362001739e-42
3.516027 6.65818633329811141302e-42
3.523022 0.00000000000000000000e+00
