1.570796 0.00000000000000000000e+00
1.577371 6.33106724288716955057e-45
1.583946 1.26618469540502090250e-44
1.590521 1.89921375822923469565e-44
1.597097 2.53217375444250719452e-44
1.603672 3.16504452106386314878e-44
1.610248 3.79780588898752963145e-44
1.616825 4.43043768152132175426e-44
1.623401 5.06291971292546250060e-44
1.629979 5.69523178695180705437e-44
1.636557 6.32735369538398863309e-44
1.643136 6.95926521657779133642e-44
1.649715 7.59094611400202432093e-44
1.656295 8.22237613477954930989e-44
1.662876 8.85353500823000275467e-44
1.669459 9.48440244440995411368e-44
1.676042 1.01149581326570259520e-43
1.682626 1.07451817401304564673e-43
1.689211 1.13750529103547237397e-43
1.695798 1.20045512617604159236e-43
1.702386 1.26336563862273267901e-43
1.708975 1.32623478476256773946e-43
1.715566 1.38906051803575548037e-43
1.722159 1.45184078878968453501e-43
1.728753 1.51457354413300440877e-43
1.735348 1.57725672778939079338e-43
1.741946 1.63988827995141881308e-43
1.748545 1.70246613713409734050e-43
1.755146 1.76498823202844971132e-43
1.761749 1.82745249335459261503e-43
1.768354 1.88985684571516486842e-43
1.774961 1.95219920944767587370e-43
1.781570 2.01447750047742938189e-43
1.788182 2.07668963016959953216e-43
1.794796 2.13883350518124695115e-43
1.801413 2.20090702731272191011e-43
1.808031 2.26290809335888387827e-43
1.814653 2.32483459495952134397e-43
1.821277 2.38668441845011454893e-43
1.827904 2.44845544471058136808e-43
1.834533 2.51014554901499736514e-43
1.841166 2.57175260087951764572e-43
1.847801 2.63327446391015811996e-43
1.854440 2.69470899564980809846e-43
1.861082 2.75605404742406161046e-43
1.867726 2.81730746418639077510e-43
1.874375 2.87846708436248558733e-43
1.881026 2.93953073969331365445e-43
1.887681 3.00049625507712291622e-43
1.894340 3.06136144841055701270e-43
1.901002 3.12212413042779641303e-43
1.907668 3.18278210453933791224e-43
1.914337 3.24333316666846812763e-43
1.921011 3.30377510508643583723e-43
1.927688 3.36410570024645976814e-43
1.934370 3.42432272461521850310e-43
1.941056 3.48442394250330009800e-43
1.947746 3.54440710989283989220e-43
1.954440 3.60426997426363094198e-43
1.961139 3.66401027441720485487e-43
1.967842 3.72362574029821432462e-43
1.974550 3.78311409281309546163e-43
1.981263 3.84247304364693072614e-43
1.987981 3.90170029507679112829e-43
1.994703 3.96079353978282499967e-43
2.001431 4.01975046065593754813e-43
2.008163 4.07856873060220616735e-43
2.014901 4.13724601234401875626e-43
2.021644 4.19577995821803620981e-43
2.028393 4.25416820996872850382e-43
2.035147 4.31240839853849917353e-43
2.041907 4.37049814385358730201e-43
2.048672 4.42843505460586968653e-43
2.055444 4.48621672802923932360e-43
2.062221 4.54384074967246236422e-43
2.069004 4.60130469316637720332e-43
2.075794 4.65860611998604187464e-43
2.082590 4.71574257920708976010e-43
2.089392 4.77271160725716822083e-43
2.096201 4.82951072766076430381e-43
2.103017 4.88613745077775525942e-43
2.109840 4.94258927353598735394e-43
2.116669 4.99886367915652645930e-43
2.123505 5.05495813687186558344e-43
2.130349 5.11087010163731078117e-43
2.137200 5.16659701383336290952e-43
2.144058 5.22213629896144264851e-43
2.150924 5.27748536732992155766e-43
2.157798 5.33264161373276676191e-43
2.164679 5.38760241711665802436e-43
2.171569 5.44236514024175156857e-43
2.178467 5.49692712932924354123e-43
2.185372 5.55128571370118945507e-43
2.192287 5.60543820540727859863e-43
2.199209 5.65938189884187146833e-43
2.206141 5.71311407034908980767e-43
2.213081 5.76663197781438607543e-43
2.220031 5.81993286024538821914e-43
2.226989 5.87301393733739660103e-43
2.233957 5.92587240902722427048e-43
2.240935 5.97850545503020462740e-43
2.247922 6.03091023436495378451e-43
2.254919 6.08308388486025525233e-43
2.261925 6.13502352264695681535e-43
2.268943 6.18672624163373257344e-43
2.275970 6.23818911296268998082e-43
2.283008 6.28940918445065976814e-43
2.290056 6.34038348000770226053e-43
2.297116 6.39110899903909333254e-43
2.304187 6.44158271582490113570e-43
2.311268 6.49180157887874430106e-43
2.318362 6.54176251028532378497e-43
2.325467 6.59146240501459202213e-43
2.332584 6.64089813021089858733e-43
2.339712 6.69006652445862819303e-43
2.346854 6.73896439702323577196e-43
2.354007 6.78758852706201838925e-43
2.361174 6.83593566281054709979e-43
2.368353 6.88400252073863968481e-43
2.375546 6.93178578467647008401e-43
2.382751 6.97928210490906530841e-43
2.389971 7.02648809724002541047e-43
2.397204 7.07340034201960041242e-43
2.404452 7.12001538313850381033e-43
2.411713 7.16632972698679036899e-43
2.418990 7.21233984137259915242e-43
2.426281 7.25804215440350907675e-43
2.433587 7.30343305332584241258e-43
2.440909 7.34850888332298838740e-43
2.448246 7.39326594626874504156e-43
2.455599 7.43770049943561959645e-43
2.462969 7.48180875415405362648e-43
2.470355 7.52558687442555370963e-43
2.477757 7.56903097548068676011e-43
2.485177 7.61213712228684517300e-43
2.492614 7.65490132799897449924e-43
2.500069 7.69731955235330666439e-43
2.507542 7.73938770000204204951e-43
2.515033 7.78110161878338071616e-43
2.522543 7.82245709793092373933e-43
2.530072 7.86344986621255154778e-43
2.537620 7.90407559000124697094e-43
2.545188 7.94432987127223937804e-43
2.552776 7.98420824552735248236e-43
2.560384 8.02370617963704823810e-43
2.568013 8.06281906960551324623e-43
2.575664 8.10154223824695736894e-43
2.583336 8.13987093277634737749e-43
2.591030 8.17780032230967528279e-43
2.598746 8.21532549526515068699e-43
2.606485 8.25244145666942892619e-43
2.614247 8.28914312535977844953e-43
2.622033 8.32542533107801194076e-43
2.629843 8.36128281145531772647e-43
2.637678 8.39671020888025063731e-43
2.645538 8.43170206724684429608e-43
2.653423 8.46625282857704916414e-43
2.661334 8.50035682951542054755e-43
2.669271 8.53400829768575085120e-43
2.677236 8.56720134790837957302e-43
2.685228 8.59992997827230412207e-43
2.693248 8.63218806605321315938e-43
2.701297 8.66396936347513566445e-43
2.709375 8.69526749330687999817e-43
2.717483 8.72607594428746888688e-43
2.725621 8.75638806637343327590e-43
2.733789 8.78619706580166915319e-43
2.741990 8.81549599996063745064e-43
2.750222 8.84427777205880795168e-43
2.758488 8.87253512558886085036e-43
2.766786 8.90026063857299429574e-43
2.775119 8.92744671758380192704e-43
2.783487 8.95408559153284574637e-43
2.791890 8.98016930521428951696e-43
2.800329 9.00568971259769665388e-43
2.808806 9.03063846985675879261e-43
2.817320 9.05500702812663796436e-43
2.825872 9.07878662597821315266e-43
2.834464 9.10196828159508616797e-43
2.843096 9.12454278464884476281e-43
2.851769 9.14650068785341490528e-43
2.860484 9.16783229819136993870e-43
2.869242 9.18852766779841000982e-43
2.878043 9.20857658449058585673e-43
2.886889 9.22796856192543644791e-43
2.895780 9.24669282937946229635e-43
2.904718 9.26473832113064420633e-43
2.913703 9.28209366542844520768e-43
2.922737 9.29874717304080357404e-43
2.931820 9.31468682535906035996e-43
2.940954 9.32990026204768482061e-43
2.950140 9.34437476822202245652e-43
2.959379 9.35809726113898388219e-43
2.968671 9.37105427638391837765e-43
2.978019 9.38323195353755162628e-43
2.987424 9.39461602130588101755e-43
2.996886 9.40519178209741462119e-43
3.006407 9.41494409603106938102e-43
3.015989 9.42385736435769041046e-43
3.025633 9.43191551228001241010e-43
3.035339 9.43910197115208151710e-43
3.045110 9.44539966004841972578e-43
3.054948 9.45079096668087711504e-43
3.064853 9.45525772765541830423e-43
3.074827 9.45878120804889762672e-43
3.084872 9.46134208030125562677e-43
3.094989 9.46292040240273096525e-43
3.105181 9.46349559537701332072e-43
3.115449 9.46304642004328005082e-43
3.125794 9.46155095305805175872e-43
3.136218 9.45898656223226750857e-43
0.005132 9.48761216859184024037e-43
0.015721 9.49016447739522035179e-43
0.026396 9.49162180778664764294e-43
0.037158 9.49195567547064988411e-43
0.048009 9.49113659679360765547e-43
0.058953 9.48913405205610299012e-43
0.069989 9.48591644784356017487e-43
0.081123 9.48145107840519256053e-43
0.092354 9.47570408612018576852e-43
0.103686 9.46864042110057961160e-43
0.115122 9.46022379999192627949e-43
0.126663 9.45041666404852137796e-43
0.138313 9.43918013657136315552e-43
0.150074 9.42647397981904682977e-43
0.161949 9.41225655151519564263e-43
0.173940 9.39648476110482222337e-43
0.186050 9.37911402592630228007e-43
0.198283 9.36009822750075438562e-43
0.210641 9.33938966816399346909e-43
0.223128 9.31693902830160660124e-43
0.235746 9.29269532447886213427e-43
0.248499 9.26660586880166946418e-43
0.261390 9.23861622988348695601e-43
0.274422 9.20867019583778251043e-43
0.287600 9.17670973977048388054e-43
0.300925 9.14267498829937690217e-43
0.314403 9.10650419368512114811e-43
0.328036 9.06813371022457502521e-43
0.341829 9.02749797562342363203e-43
0.355784 8.98452949813791974027e-43
0.369907 8.93915885035705403103e-43
0.384201 8.89131467056994570946e-43
0.398669 8.84092367275835539428e-43
0.413316 8.78791066633645439730e-43
0.428147 8.73219858685609892867e-43
0.443164 8.67370853899191005494e-43
0.458373 8.61235985321290098758e-43
0.473777 8.54807015764590211825e-43
0.489382 8.48075546673191445386e-43
0.505190 8.41033028836654932119e-43
0.521206 8.33670775130075145721e-43
0.537435 8.25979975465730353050e-43
0.553881 8.17951714148556938498e-43
0.570548 8.09576989832442814660e-43
0.587441 8.00846738278167953180e-43
0.604562 7.91751858114213722671e-43
0.621917 7.82283239800277049245e-43
0.639510 7.72431797987461403211e-43
0.657344 7.62188507460459435384e-43
0.675424 7.51544442832976200088e-43
0.693752 7.40490822148389386153e-43
0.712332 7.29019054513172926159e-43
0.731168 7.17120791858680889205e-43
0.750262 7.04787984888779016047e-43
0.769618 6.92012943223958024082e-43
0.789237 6.78788399698575633030e-43
0.809123 6.65107578704576100587e-43
0.829276 6.50964268403391129595e-43
0.849699 6.36352896547710497780e-43
0.870392 6.21268609565686269621e-43
0.891356 6.05707354464450561835e-43
0.912591 5.89665963006202179232e-43
0.934097 5.73142237502594646384e-43
0.955872 5.56135037460239009320e-43
0.977916 5.38644366198539489665e-43
1.000226 5.20671456448220583685e-43
1.022800 5.02218853833036789229e-43
1.045632 4.83290497037980675878e-43
1.068721 4.63891793381376901803e-43
1.092060 4.44029688437403788694e-43
1.115644 4.23712728306729353746e-43
1.139466 4.02951113107216917808e-43
1.163519 3.81756740260655981239e-43
1.187795 3.60143236187152148864e-43
1.212285 3.38125975089199655879e-43
1.236979 3.15722083615346939020e-43
1.261866 2.92950430338324515594e-43
1.286936 2.69831599165644447075e-43
1.312175 2.46387846019193611094e-43
1.337572 2.22643038371403298573e-43
1.363113 1.98622577505115857424e-43
1.388783 1.74353303665383807319e-43
1.414567 1.49863384587535319272e-43
1.440451 1.25182188208299101408e-43
1.466419 1.00340140686708421296e-43
1.492454 7.53685711690787357983e-44
1.518540 5.02995450184332875101e-44
1.544659 2.51656874836700074197e-44
1.570796 4.95465024837895251363e-55
