1.345349 7.3364654266e-39
1.394596 8.8210984928e-39
0.822150 4.0839823759e-40
1.418597 9.6196620522e-39
1.442210 1.0456011888e-38
1.871604 3.7019831566e-38
1.002724 1.4542250327e-39
0.860995 5.5914592813e-40
1.097900 2.4571461191e-39
0.934315 9.4621295188e-40
1.834980 3.3734849742e-38
0.781613 2.8450420020e-40
1.797620 3.0610948677e-38
1.067059 2.0898153553e-39
1.720502 2.4843845591e-38
1.639817 1.9712844504e-38
1.185872 3.7638842395e-39
1.853381 3.5357168630e-38
1.576646 1.6277984881e-38
1.660350 2.0936310692e-38
1.759478 2.7647506213e-38
1.370187 8.0601086787e-39
1.035358 1.7557158457e-39
0.898332 7.3804159119e-40
1.816395 3.2152801798e-38
1.241218 4.8102104515e-39
0.969075 1.1846494938e-39
1.157254 3.2936948219e-39
0.739158 1.8596697742e-40
0.485440 9.8144400828e-45
0.543458 5.3855683662e-42
1.320060 6.6499253849e-39
1.294293 6.0002273073e-39
1.268023 5.3870900792e-39
1.555029 1.5211124224e-38
1.533115 1.4183082437e-38
1.740097 2.6225747793e-38
0.647325 5.7674379477e-41
1.680636 2.2199228123e-38
1.700684 2.3501705277e-38
1.465452 1.1330347214e-38
1.213847 4.2692604280e-39
1.619029 1.8528715660e-38
1.597975 1.7383804446e-38
1.127947 2.8582696955e-39
0.694510 1.1104130478e-40
1.488340 1.2242855111e-38
1.510890 1.3193711572e-38
1.778650 2.9109211058e-38
0.597165 2.3429294536e-41
