0.497611 0.0000000000e+00
0.508247 1.6695246688e-41
0.518883 2.2547641211e-41
0.529519 2.6291526681e-41
0.540156 2.8805448042e-41
0.550792 3.0441037702e-41
0.561428 3.1383929003e-41
0.572064 3.1747555113e-41
0.582700 3.1608121961e-41
0.593336 3.1020545248e-41
0.603972 3.0026753834e-41
0.614609 2.8660463545e-41
0.625245 2.6950128027e-41
0.635881 2.4920825656e-41
0.646517 2.2595369495e-41
0.657153 1.9994544630e-41
0.667789 1.7135726100e-41
0.678425 1.4027239181e-41
0.689062 1.0648092412e-41
0.699698 6.8535485656e-42
