0.000000 2.5308637197e-43
0.314159 2.7712955005e-43
0.628319 3.4747845833e-43
0.942478 4.5874669542e-43
1.256637 6.0189645505e-43
1.570796 7.6441508125e-43
1.884956 9.3096700641e-43
2.199115 1.0846760798e-42
2.513274 1.2089963465e-42
2.827433 1.2899045685e-42
3.141593 1.3179810456e-42
3.455752 1.2899045685e-42
3.769911 1.2089963465e-42
4.084070 1.0846760798e-42
4.398230 9.3096700641e-43
4.712389 7.6441508125e-43
5.026548 6.0189645505e-43
5.340708 4.5874669542e-43
5.654867 3.4747845833e-43
5.969026 2.7712955005e-43
