0.000000 0.00000000000000000000e+00
0.108331 7.16243171319739577779e-43
0.216662 1.42877359238437828759e-42
0.324992 2.13301265394225174808e-42
0.433323 2.82398951146518092536e-42
0.541654 3.49621035711547324612e-42
0.649985 4.14357979903917064653e-42
0.758315 4.75938416859309891276e-42
0.866646 5.33634156056573955931e-42
0.974977 5.86671807302178080348e-42
1.083308 6.34250451351364428859e-42
1.191639 6.75564321653709993930e-42
1.299969 7.09829095004184306621e-42
1.408300 7.36310145639247605800e-42
1.516631 7.54351013439422194409e-42
1.624962 7.63400375003376133728e-42
1.733292 7.63035975948219400014e-42
1.841623 7.52984261692426603714e-42
1.949954 7.33134800920824724404e-42
2.058285 7.03548993956214848192e-42
2.166616 6.64462958626727842195e-42
2.274946 6.16284852353054447118e-42
2.383277 5.59587190322638095305e-42
2.491608 4.95094933714449653230e-42
2.599939 4.23670237563835512525e-42
2.708270 3.46294764925551947548e-42
2.816600 2.64050403255705236451e-42
2.924931 1.78099080294005353028e-42
3.033262 8.96621966070557327567e-43
3.141593 -1.71538358521177849383e-54
