0.000000 0.0000000000e+00
0.157080 2.9796026351e-43
0.314159 5.9732228982e-43
0.471239 8.9583935114e-43
0.628319 1.1897817147e-42
0.785398 1.4736344064e-42
0.942478 1.7400792840e-42
1.099557 1.9802736567e-42
1.256637 2.1843945150e-42
1.413717 2.3423805326e-42
1.570796 2.4447789954e-42
1.727876 2.4835949759e-42
1.884956 2.4530458307e-42
2.042035 2.3501430927e-42
2.199115 2.1750515991e-42
2.356194 1.9312066363e-42
2.513274 1.6251984806e-42
2.670354 1.2664556227e-42
2.827433 8.6677077468e-43
2.984513 4.3971731462e-43
