0.000000 0.0000000000e+00
0.157080 3.0226501764e-43
0.314159 6.0495244508e-43
0.471239 9.0512258965e-43
0.628319 1.1987005692e-42
0.785398 1.4802425588e-42
0.942478 1.7428984620e-42
1.099557 1.9785879682e-42
1.256637 2.1783815705e-42
1.413717 2.3330540709e-42
1.570796 2.4337582630e-42
1.727876 2.4727530292e-42
1.884956 2.4441142673e-42
2.042035 2.3443590549e-42
2.199115 2.1729225227e-42
2.356194 1.9324415200e-42
2.513274 1.6288173425e-42
2.670354 1.2710494666e-42
2.827433 8.7085143182e-43
2.984513 4.4207716416e-43
